##############################################################################
# JOINTS: Num_of_Bones Num_of_Joints
29 28
7 8    -0.078512 0.028398 -0.300161
8 7    -0.078512 0.028398 -0.300161
1 3    0.075536 0.027678 -0.297959
3 1    0.075536 0.027678 -0.297959
17 18    0.060486 0.045129 0.130937
18 17    0.060486 0.045129 0.130937
16 17    0.064894 0.091442 0.128098
17 16    0.064894 0.091442 0.128098
8 9    -0.081725 0.008305 -0.292810
9 8    -0.081725 0.008305 -0.292810
6 7    -0.076983 0.075198 -0.295557
7 6    -0.076983 0.075198 -0.295557
11 14    0.014831 0.352994 -0.503367
14 11    0.014831 0.352994 -0.503367
20 22    -0.065621 0.095697 0.128241
22 20    -0.065621 0.095697 0.128241
21 22    -0.060683 0.045861 0.131504
22 21    -0.060683 0.045861 0.131504
6 28    -0.079336 0.228163 -0.345635
28 6    -0.079336 0.228163 -0.345635
10 11    0.006498 0.455296 -0.503427
11 10    0.006498 0.455296 -0.503427
10 13    0.003139 0.514170 -0.488827
13 10    0.003139 0.514170 -0.488827
12 13    0.001950 0.575894 -0.457074
13 12    0.001950 0.575894 -0.457074
15 16    0.066704 0.215851 0.143397
16 15    0.066704 0.215851 0.143397
19 20    -0.070898 0.221433 0.142399
20 19    -0.070898 0.221433 0.142399
2 3    0.083231 0.079502 -0.294930
3 2    0.083231 0.079502 -0.294930
26 27    -0.088474 0.446054 -0.284335
27 26    -0.088474 0.446054 -0.284335
23 26    -0.004052 0.468727 -0.042200
26 23    -0.004052 0.468727 -0.042200
2 5    0.075084 0.221715 -0.346685
5 2    0.075084 0.221715 -0.346685
27 28    -0.090825 0.365628 -0.291382
28 27    -0.090825 0.365628 -0.291382
12 26    -0.000848 0.596026 -0.399425
26 12    -0.000848 0.596026 -0.399425
0 25    0.010724 0.740528 0.268586
25 0    0.010724 0.740528 0.268586
23 25    -0.004250 0.612219 0.160215
25 23    -0.004250 0.612219 0.160215
4 5    0.088691 0.357114 -0.327041
5 4    0.088691 0.357114 -0.327041
23 24    -0.084227 0.424023 0.169410
24 23    -0.084227 0.424023 0.169410
19 24    -0.088737 0.364882 0.145637
24 19    -0.088737 0.364882 0.145637
15 23    0.045226 0.371111 0.149161
23 15    0.045226 0.371111 0.149161
4 26    0.054270 0.452213 -0.315835
26 4    0.054270 0.452213 -0.315835
##############################################################################
# BONES: Num_of_Frames Num_of_Bones
10 29
0
0   0.919588 -0.262623 -0.292211 0.242296 -0.166171 0.413973 -0.894994 0.612772 0.356013 0.871582 0.337044 -0.425286 
1   0.997782 0.033562 -0.057483 0.038875 -0.032041 -0.514772 -0.856728 -0.137766 -0.058344 0.856670 -0.512555 -0.726591 
2   0.271401 -0.452142 -0.849652 -0.102546 -0.512753 0.679155 -0.525198 -0.025207 0.814509 0.578202 -0.047514 -0.648278 
3   0.968407 -0.111021 0.223300 0.128762 0.225399 0.772784 -0.593296 -0.114261 -0.106694 0.624884 0.773393 -0.333283 
4   0.372515 -0.531482 0.760763 0.508901 0.306961 0.844187 0.439457 0.189870 -0.875790 0.069820 0.477616 -0.144335 
5   0.982566 -0.146640 -0.114287 0.031240 0.064550 0.845558 -0.529967 -0.106636 0.174350 0.513350 0.840282 -0.277690 
6   0.992306 0.112001 0.052775 -0.036669 -0.123782 0.906929 0.402689 0.217569 -0.002762 -0.406124 0.913814 0.130360 
7   0.996816 -0.006992 -0.079428 -0.066444 0.004695 0.999567 -0.029064 0.093067 0.079597 0.028598 0.996417 0.128446 
8   0.999879 -0.013980 -0.006774 -0.044183 0.007876 0.832050 -0.554644 -0.059591 0.013390 0.554524 0.832060 0.059002 
9   0.990659 -0.012984 -0.135744 -0.082709 -0.041710 0.918895 -0.392290 -0.016824 0.129828 0.394287 0.909770 0.092603 
10   0.976925 -0.128822 -0.170362 -0.010677 -0.132654 0.259179 -0.956676 0.015904 0.167395 0.957200 0.236109 -0.896497 
11   0.946135 -0.160280 -0.281317 -0.051929 -0.256930 0.157035 -0.953586 0.064712 0.197017 0.974500 0.107396 -0.969695 
12   0.928617 -0.339921 0.148743 0.265309 0.368678 0.800157 -0.473101 -0.062712 0.041799 0.494168 0.868361 -0.334865 
13   0.967534 0.051808 -0.247375 -0.141292 -0.245646 0.423063 -0.872167 -0.026720 0.059470 0.904618 0.422055 -0.776759 
14   0.906565 -0.242351 -0.345553 -0.054706 -0.270265 0.295525 -0.916309 0.034788 0.324188 0.924084 0.202413 -0.905955 
15   0.328103 0.120605 -0.936911 0.122294 0.789029 0.510355 0.342011 0.089530 0.519406 -0.851465 0.072288 0.451695 
16   0.829411 0.190816 -0.525040 0.014186 0.419921 0.406900 0.811233 0.067502 0.368435 -0.893321 0.257359 0.447091 
17   0.992977 0.103846 0.056680 -0.063337 -0.106091 0.569578 0.815062 0.085371 0.052357 -0.815351 0.576595 0.421073 
18   0.969227 0.245908 0.011308 -0.062373 -0.245875 0.969292 -0.004230 0.183033 -0.012001 0.001319 0.999927 0.332703 
19   0.945672 0.001752 0.325119 -0.080771 -0.277695 0.524417 0.804905 0.052804 -0.169087 -0.851460 0.496413 0.359285 
20   0.896757 -0.006211 0.442480 -0.099185 -0.040155 0.994634 0.095342 0.066760 -0.440698 -0.103266 0.891696 0.118052 
21   0.994500 -0.011562 -0.104098 -0.013389 -0.101992 -0.333016 -0.937389 0.285822 -0.023828 0.942850 -0.332364 0.208382 
22   0.962032 -0.170655 0.213008 -0.049751 0.267805 0.439556 -0.857363 0.262288 0.052684 0.881854 0.468569 0.110455 
23   0.998556 0.031564 -0.043460 -0.009119 -0.029325 0.998256 0.051244 -0.009884 0.045001 -0.049896 0.997740 0.033995 
24   0.917892 0.352346 0.182554 -0.190307 -0.234647 0.852903 -0.466366 0.122025 -0.320023 0.385238 0.865550 -0.158990 
25   0.978300 -0.145341 -0.147663 0.115890 0.066656 0.895578 -0.439883 0.131728 0.196177 0.420495 0.885832 -0.236183 
26   0.992597 0.111117 0.049025 -0.041835 -0.108471 0.992649 -0.053684 -0.010178 -0.054629 0.047969 0.997354 -0.014708 
27   0.976947 0.158618 0.142877 -0.037548 -0.192576 0.365966 0.910485 0.536446 0.092131 -0.917011 0.388075 0.254692 
28   0.980828 0.126969 -0.147837 -0.110330 -0.150150 0.975960 -0.157979 0.005931 0.124224 0.177148 0.976313 0.028948 
1
0   0.929564 0.355286 -0.098400 -0.290102 -0.207928 0.284856 -0.935747 0.653722 -0.304428 0.890297 0.338666 -0.394149 
1   0.941052 0.094965 0.324658 0.060714 -0.031735 0.980336 -0.194769 0.014679 -0.336771 0.172985 0.925560 0.186518 
2   0.791809 0.259603 0.552851 0.121812 -0.506984 0.784135 0.357909 0.234127 -0.340596 -0.563683 0.752500 0.190341 
3   0.999332 0.001731 -0.036499 -0.048746 -0.003059 0.999333 -0.036377 0.058989 0.036411 0.036464 0.998671 0.183868 
4   0.771202 0.180354 -0.610508 -0.264323 0.193099 0.847567 0.494310 0.219261 0.606597 -0.499102 0.618819 0.080606 
5   0.955668 0.101252 -0.276490 -0.143066 0.005754 0.932414 0.361345 0.163040 0.294390 -0.346917 0.890496 0.142638 
6   0.839910 0.033154 -0.541712 -0.194987 0.314056 0.784351 0.534941 0.299136 0.442628 -0.619430 0.648372 0.092352 
7   0.901069 0.193477 -0.388127 -0.156909 0.064598 0.825104 0.561276 0.284802 0.428839 -0.530821 0.730977 0.108965 
8   0.881479 -0.427618 0.200342 0.035820 0.416456 0.503948 -0.756704 -0.074050 0.222618 0.750452 0.622304 0.023778 
9   0.993834 0.107276 -0.028029 -0.026311 -0.110870 0.958679 -0.261998 0.023928 -0.001236 0.263490 0.964661 0.109777 
10   0.999767 0.003354 -0.021332 -0.022119 -0.020698 0.430472 -0.902367 -0.073414 0.006156 0.902598 0.430441 -0.776751 
11   0.999480 -0.030402 -0.010719 -0.001397 0.002634 0.408445 -0.912779 -0.068807 0.032128 0.912276 0.408313 -0.792532 
12   0.944399 -0.190704 0.267846 0.224913 0.268208 0.918026 -0.292049 -0.062771 -0.190195 0.347650 0.918132 -0.233612 
13   0.991260 0.089979 -0.096477 -0.103356 -0.130990 0.584419 -0.800810 -0.102495 -0.015673 0.806448 0.591097 -0.648186 
14   0.999461 -0.031797 -0.008216 0.000356 0.001476 0.293425 -0.955981 -0.049935 0.032808 0.955453 0.293313 -0.865666 
15   0.969544 0.047358 0.240295 -0.055777 -0.197722 0.730350 0.653831 -0.016972 -0.144535 -0.681430 0.717470 0.289063 
16   0.994694 -0.042308 -0.093772 0.009806 -0.011048 0.862316 -0.506250 0.108404 0.102280 0.504599 0.857274 -0.003488 
17   0.763831 -0.256225 -0.592378 0.108235 -0.583275 0.118906 -0.803524 0.251586 0.276320 0.959276 -0.058625 0.060862 
18   0.887518 -0.323468 -0.328148 0.069191 -0.452509 -0.477585 -0.753093 0.263992 0.086883 0.816873 -0.570237 0.145734 
19   0.976870 -0.123665 0.174446 -0.017391 -0.145084 0.215984 0.965558 0.103943 -0.157083 -0.968534 0.193046 0.475193 
20   0.798446 0.050490 0.599946 -0.129190 -0.199023 0.962593 0.183863 0.046185 -0.568221 -0.266207 0.778626 0.207100 
21   0.711276 -0.499322 -0.494737 0.037117 -0.271340 0.454240 -0.848552 0.206992 0.648430 0.737796 0.187604 0.273268 
22   0.931935 -0.047944 -0.359442 0.012019 -0.183559 0.792478 -0.581622 0.161678 0.312735 0.608013 0.729738 0.187537 
23   0.999908 -0.007547 0.011278 -0.002986 0.009542 0.981949 -0.188903 0.006058 -0.009649 0.188993 0.981931 -0.079995 
24   0.859154 0.402713 0.315717 -0.240420 -0.470408 0.864410 0.177513 -0.046675 -0.201422 -0.301027 0.932101 0.120069 
25   -0.758586 0.309496 -0.573375 -0.110663 0.620524 0.611566 -0.490854 0.283592 -0.198739 0.728148 0.655975 -0.359563 
26   0.999032 0.041434 -0.014788 -0.025956 -0.041403 0.999140 0.002367 0.007150 0.014873 -0.001752 0.999888 0.009215 
27   0.979679 -0.125686 0.156308 0.095466 -0.011908 0.741490 0.670858 0.315358 -0.200218 -0.659087 0.724926 0.204756 
28   0.997676 -0.061104 0.030131 0.036706 0.065634 0.980634 -0.184526 -0.014151 -0.018272 0.186075 0.982366 -0.012641 
2
0   0.217267 -0.965950 -0.140483 0.357098 0.118636 0.168986 -0.978452 0.813080 0.968876 0.195919 0.151312 -0.151818 
1   0.988636 -0.024880 -0.148254 -0.095129 -0.016182 0.962865 -0.269500 -0.004581 0.149453 0.268836 0.951520 0.155386 
2   0.819017 0.368847 0.439504 0.067604 -0.524380 0.792094 0.312430 0.221124 -0.232889 -0.486352 0.842154 0.180725 
3   0.988508 0.104547 -0.109184 -0.087186 -0.051735 0.912634 0.405490 0.200139 0.142038 -0.395181 0.907556 0.161384 
4   0.548866 0.179496 -0.816411 -0.306919 0.360487 0.830359 0.424915 0.194824 0.754185 -0.527527 0.391050 0.011023 
5   0.828696 0.103623 -0.550023 -0.217480 0.019101 0.976904 0.212825 0.104137 0.559373 -0.186873 0.807577 0.042881 
6   0.623378 -0.284107 -0.728480 -0.193832 -0.275414 0.792168 -0.544625 -0.124872 0.731810 0.540141 0.415573 -0.345845 
7   0.840244 0.050974 -0.539808 -0.146562 -0.067319 0.997675 -0.010574 0.033953 0.538014 0.045224 0.841722 -0.197534 
8   0.954796 -0.204455 -0.215784 -0.033051 0.004729 0.736261 -0.676681 -0.152710 0.297225 0.645072 0.703946 -0.274742 
9   0.992237 0.093117 -0.082435 0.006583 -0.118450 0.909580 -0.398289 -0.082700 0.037894 0.404961 0.913548 -0.232568 
10   -0.088026 -0.682692 -0.725385 0.109233 -0.992130 0.125189 0.002574 0.620153 0.089053 0.719903 -0.688339 -1.144643 
11   0.436288 -0.282327 -0.854368 -0.141412 -0.715735 0.466550 -0.519667 0.200046 0.545321 0.838226 0.001479 -0.854178 
12   0.836363 -0.462231 -0.294684 0.183935 -0.269438 0.121518 -0.955320 0.141401 0.477388 0.878394 -0.022910 -0.939375 
13   0.462306 -0.875668 -0.139565 0.493381 -0.417641 -0.076186 -0.905413 0.278192 0.782208 0.476866 -0.400936 -0.881442 
14   -0.087655 0.261267 -0.961278 -0.379341 -0.683319 0.686397 0.248865 0.508816 0.724839 0.678674 0.118363 -0.741682 
15   0.967329 0.248550 0.049977 -0.333917 -0.252204 0.963503 0.089754 0.021054 -0.025845 -0.099426 0.994709 -0.028457 
16   0.422231 -0.574206 -0.701433 -0.012166 0.002115 0.774414 -0.632676 0.148468 0.906486 0.265652 0.328196 -0.073893 
17   0.181246 -0.933385 -0.309747 -0.013759 -0.771441 0.060406 -0.633427 0.264052 0.609942 0.353757 -0.709103 0.070121 
18   0.457535 -0.847085 0.270387 -0.110327 -0.659627 -0.527254 -0.535626 0.271004 0.596283 0.066713 -0.799997 0.095803 
19   -0.123123 0.221427 -0.967373 -0.235133 0.243641 0.951700 0.186830 0.010716 0.962019 -0.212689 -0.171125 0.170691 
20   0.584977 0.474405 -0.657831 -0.284976 -0.046980 0.829544 0.556462 -0.035346 0.809688 -0.294612 0.507552 0.081349 
21   0.203290 -0.418710 -0.885073 -0.240426 0.352810 0.874550 -0.332696 0.105993 0.913344 -0.244629 0.325513 0.109423 
22   0.214627 0.489540 -0.845154 -0.286671 0.236745 0.813439 0.531290 -0.011910 0.947569 -0.314115 0.058690 0.149800 
23   0.451113 -0.060592 -0.890407 -0.055754 0.066281 0.997212 -0.034280 0.012818 0.890002 -0.043553 0.453872 -0.009775 
24   0.565123 0.469923 -0.678091 -0.306972 0.066179 0.793453 0.605023 -0.008646 0.822348 -0.386788 0.417300 0.136199 
25   0.097752 -0.521383 -0.847706 0.218599 0.658534 0.672526 -0.337700 0.262498 -0.746175 0.525232 -0.409089 -0.226699 
26   0.981043 0.013968 -0.193285 -0.058961 -0.007420 0.999375 0.034560 0.014667 0.193647 -0.032471 0.980534 0.004042 
27   0.963096 0.042821 -0.265732 -0.093982 -0.100199 0.973344 -0.206303 -0.049689 0.249814 0.225315 0.941714 -0.116770 
28   0.954134 -0.038063 -0.296951 -0.074447 -0.071359 0.934382 -0.349053 -0.073975 0.290751 0.354233 0.888810 -0.175228 
3
0   0.899142 0.436196 -0.035726 -0.355260 -0.227290 0.395638 -0.889837 0.604752 -0.374009 0.808210 0.454878 -0.383622 
1   0.955188 0.272166 -0.116366 -0.087508 -0.278986 0.696436 -0.661168 -0.095451 -0.098906 0.664004 0.741158 0.097618 
2   0.820141 0.240115 0.519339 0.111692 -0.467283 0.804883 0.365800 0.230846 -0.330173 -0.542686 0.772320 0.192012 
3   0.964964 0.216788 0.147807 -0.008043 -0.200758 0.972742 -0.116059 0.053311 -0.168938 0.082319 0.982183 0.190806 
4   0.686731 0.223481 -0.691706 -0.299216 0.234653 0.832471 0.501926 0.225977 0.687996 -0.506999 0.519243 0.042604 
5   0.973735 0.090248 -0.209036 -0.119199 -0.008698 0.932165 0.361930 0.166523 0.227519 -0.350606 0.908466 0.154837 
6   0.700226 -0.246978 -0.669840 -0.174375 -0.137133 0.874252 -0.465701 -0.114946 0.700627 0.417953 0.578305 -0.234406 
7   0.828373 0.210153 -0.519263 -0.154346 0.035340 0.905510 0.422850 0.158781 0.559062 -0.368628 0.742673 -0.137627 
8   0.494338 -0.201847 -0.845510 -0.266782 0.126757 0.979009 -0.159606 -0.010865 0.859978 -0.028275 0.509547 -0.193649 
9   0.956942 -0.088675 -0.276403 -0.063275 0.060282 0.992147 -0.109594 -0.001762 0.283950 0.088214 0.954773 -0.111327 
10   0.983113 0.017167 -0.182193 -0.109639 -0.177794 0.325382 -0.928717 -0.042394 0.043339 0.945427 0.322940 -0.853860 
11   0.986840 -0.049033 0.154083 0.089711 0.161247 0.369492 -0.915137 -0.057686 -0.012061 0.927939 0.372536 -0.820161 
12   0.934693 -0.176665 0.308445 0.232836 0.227051 0.964385 -0.135679 -0.030551 -0.273490 0.196851 0.941516 -0.141152 
13   0.998096 -0.002451 0.061638 0.019585 0.051970 0.571701 -0.818814 -0.116173 -0.033232 0.820458 0.570740 -0.669223 
14   0.999288 -0.036986 0.007518 0.011496 0.015337 0.215932 -0.976288 -0.032096 0.034485 0.975708 0.216345 -0.916312 
15   0.995582 0.091073 -0.022852 -0.032334 -0.016488 0.409163 0.912312 0.076759 0.092437 -0.907905 0.408857 0.415825 
16   0.600296 0.124843 -0.789974 0.096738 -0.170789 0.984968 0.025878 0.089726 0.781330 0.119384 0.612594 0.118888 
17   0.856771 -0.196108 -0.476954 0.069357 -0.343344 0.473167 -0.811312 0.254896 0.384784 0.858868 0.338064 0.112044 
18   0.868415 -0.264353 -0.419491 0.064209 -0.471097 -0.175983 -0.864348 0.298863 0.154670 0.948234 -0.277362 0.202511 
19   0.965283 -0.019915 -0.260445 0.037694 -0.088473 0.913225 -0.397733 0.074469 0.245765 0.406968 0.879759 -0.123270 
20   0.998084 0.025260 0.056475 -0.015112 -0.013121 0.978510 -0.205782 0.037793 -0.060459 0.204647 0.976967 -0.114096 
21   0.999829 -0.016884 0.007590 -0.007624 0.018105 0.977331 -0.210940 0.041556 -0.003857 0.211042 0.977469 -0.089895 
22   0.961162 0.055469 0.270354 -0.047849 -0.116793 0.969306 0.216345 -0.022360 -0.250055 -0.239518 0.938138 -0.079026 
23   0.999493 -0.027194 -0.016558 0.010335 0.025529 0.995285 -0.093577 0.007455 0.019024 0.093107 0.995474 -0.041221 
24   0.846950 -0.181211 0.499837 -0.024682 0.286168 0.947701 -0.141318 0.057735 -0.448088 0.262727 0.854513 -0.128571 
25   -0.797143 0.356325 -0.487438 -0.156570 0.570207 0.709751 -0.413663 0.235785 -0.198561 0.607689 0.768952 -0.321122 
26   0.999778 -0.007261 -0.019755 0.000674 0.007619 0.999808 0.018062 0.009679 0.019620 -0.018208 0.999642 0.010122 
27   0.980926 -0.019243 0.193428 0.064957 0.061367 0.974855 -0.214225 -0.040785 -0.184442 0.222009 0.957441 -0.127180 
28   0.989416 -0.138611 -0.042936 0.040512 0.122808 0.957479 -0.261061 -0.042545 0.077296 0.253025 0.964367 -0.112764 
4
0   0.983571 -0.147009 -0.104767 0.075051 -0.064728 0.254568 -0.964886 0.769226 0.168517 0.955816 0.240870 -0.472437 
1   0.975500 0.032208 -0.217628 -0.137240 -0.129307 0.884257 -0.448742 -0.066593 0.177986 0.465889 0.866757 0.087187 
2   0.835531 0.432443 0.338940 0.015726 -0.498963 0.855480 0.138528 0.144183 -0.230051 -0.284863 0.930554 0.163582 
3   0.973138 0.204569 -0.105609 -0.108585 -0.171652 0.950419 0.259307 0.145390 0.153419 -0.234213 0.960003 0.136258 
4   0.580619 0.161957 -0.797904 -0.296226 0.374613 0.816974 0.438426 0.202226 0.722873 -0.553464 0.413680 0.032657 
5   0.766540 0.141858 -0.626332 -0.249398 -0.013242 0.978582 0.205432 0.103181 0.642060 -0.149178 0.752001 0.006118 
6   0.615578 -0.193934 -0.763841 -0.229643 -0.214624 0.891357 -0.399274 -0.097269 0.758288 0.409723 0.507076 -0.280033 
7   0.691646 0.379481 -0.614508 -0.222677 -0.073070 0.883241 0.463192 0.169402 0.718531 -0.275463 0.638619 -0.192742 
8   0.337455 -0.077948 -0.938109 -0.334587 0.036854 0.996896 -0.069576 0.015019 0.940620 -0.011094 0.339281 -0.272661 
9   0.885659 0.006872 -0.464286 -0.151749 -0.055084 0.994385 -0.090358 0.001442 0.461058 0.105601 0.881064 -0.154184 
10   0.972798 -0.087065 -0.214671 -0.024054 -0.029812 0.871927 -0.488728 -0.186606 0.229728 0.481833 0.845613 -0.330223 
11   0.978931 -0.120946 -0.164516 0.016593 0.025380 0.871525 -0.489695 -0.187315 0.202606 0.475202 0.856232 -0.321706 
12   0.985770 -0.166820 -0.020697 0.115004 0.158176 0.878840 0.450135 0.250832 -0.056902 -0.447003 0.892721 0.217880 
13   0.961591 0.017558 -0.273926 -0.106828 -0.095800 0.956666 -0.274976 -0.125202 0.257227 0.290656 0.921604 -0.194607 
14   0.970528 -0.146311 -0.191489 0.012092 0.001277 0.797712 -0.603037 -0.217948 0.240984 0.585019 0.774389 -0.402231 
15   0.827877 -0.081493 -0.554958 0.056763 -0.157183 0.916042 -0.368999 0.102540 0.538436 0.392715 0.745561 -0.132779 
16   0.914084 -0.064343 -0.400387 0.025226 0.010479 0.990750 -0.135292 0.040960 0.405389 0.119473 0.906304 -0.088159 
17   0.637292 0.005864 -0.770601 0.084144 0.236258 0.950330 0.202619 -0.013682 0.733513 -0.311187 0.604252 -0.031266 
18   0.654756 -0.233484 -0.718874 0.087114 -0.015688 0.946690 -0.321765 0.070369 0.755677 0.221956 0.616188 -0.058226 
19   0.984252 0.154121 0.086572 -0.145086 -0.159005 0.557906 0.814529 0.048883 0.077237 -0.815468 0.573626 0.386719 
20   0.966047 0.088287 0.242813 -0.153929 -0.211329 0.810679 0.546021 0.028775 -0.148637 -0.578796 0.801812 0.285055 
21   0.881448 -0.388019 -0.269240 -0.075508 0.128036 0.745064 -0.654589 0.203897 0.454594 0.542514 0.706416 0.267331 
22   0.903730 0.155742 -0.398768 -0.082127 -0.050676 0.963848 0.261589 0.061845 0.425092 -0.216198 0.878951 0.277875 
23   0.993987 0.065332 -0.087867 -0.075781 -0.063724 0.997747 0.020992 0.010560 0.089040 -0.015267 0.995911 0.001335 
24   0.807502 0.410126 -0.423955 -0.180292 -0.063338 0.774862 0.628949 0.003672 0.586455 -0.481025 0.651679 0.298775 
25   0.945995 -0.256643 0.198060 0.075296 0.316291 0.864655 -0.390296 0.159269 -0.071086 0.431863 0.899134 -0.258162 
26   0.984083 0.014335 -0.177131 -0.055389 -0.009500 0.999560 0.028113 0.010592 0.177455 -0.025982 0.983786 0.004263 
27   0.998499 0.015511 -0.052534 -0.019195 -0.029864 0.958149 -0.284709 -0.061396 0.045919 0.285851 0.957173 -0.153921 
28   0.952904 -0.021453 -0.302513 -0.082721 -0.078401 0.946161 -0.314059 -0.069742 0.292963 0.322985 0.899918 -0.161562 
5
0   0.874338 -0.484149 -0.033653 0.181100 0.039588 0.140261 -0.989323 0.830225 0.483700 0.863670 0.141802 -0.404995 
1   0.987988 -0.024569 -0.152566 -0.096370 -0.017657 0.962867 -0.269399 -0.004342 0.153519 0.268856 0.950867 0.154887 
2   0.851280 0.351173 0.389871 0.051754 -0.486155 0.807430 0.334230 0.223321 -0.197421 -0.474062 0.858074 0.181274 
3   0.989969 0.104083 -0.095539 -0.083196 -0.056680 0.912003 0.406250 0.200924 0.129415 -0.396759 0.908754 0.162719 
4   0.564206 0.176618 -0.806522 -0.304451 0.388501 0.805157 0.448096 0.210286 0.728519 -0.566153 0.385658 0.023516 
5   0.856777 0.092061 -0.507403 -0.202362 0.026145 0.974916 0.221032 0.108030 0.515024 -0.202641 0.832878 0.058903 
6   0.627467 -0.282906 -0.725431 -0.192701 -0.273686 0.792079 -0.545625 -0.125090 0.728959 0.540902 0.419576 -0.344978 
7   0.839343 0.051788 -0.541130 -0.147078 -0.067400 0.997685 -0.009062 0.034342 0.539408 0.044078 0.840890 -0.197624 
8   0.955808 -0.204619 -0.211099 -0.031586 0.007114 0.733927 -0.679191 -0.153264 0.293907 0.647674 0.702949 -0.275356 
9   0.991852 0.093664 -0.086356 0.005408 -0.120150 0.913108 -0.389612 -0.080360 0.042360 0.396813 0.916922 -0.231176 
10   0.620067 -0.145574 -0.770925 -0.253510 -0.662725 0.428724 -0.613996 0.163621 0.419896 0.891630 0.169362 -0.856481 
11   0.878640 0.036498 -0.476088 -0.189656 -0.365437 0.693147 -0.621291 0.037488 0.307323 0.719871 0.622365 -0.549623 
12   0.999497 0.031271 -0.005211 0.002327 -0.000929 -0.135424 -0.990787 0.281146 -0.031688 0.990294 -0.135327 -1.052967 
13   0.925863 -0.374174 -0.052651 0.214237 -0.021277 0.087492 -0.995938 0.150399 0.377261 0.923222 0.073045 -0.919788 
14   0.656675 0.341574 -0.672387 -0.392867 -0.199108 0.938443 0.282276 0.403249 0.727416 -0.051487 0.684263 -0.252411 
15   0.632606 0.155360 0.758731 -0.230022 -0.244728 0.969576 0.005513 0.017645 -0.734791 -0.189170 0.651380 0.144153 
16   0.948895 -0.134167 -0.285653 -0.038840 -0.088826 0.755000 -0.649681 0.147448 0.302834 0.641853 0.704498 -0.112144 
17   0.515834 -0.355916 -0.779256 0.072804 -0.817125 0.068826 -0.572337 0.247545 0.257337 0.931980 -0.255325 -0.012900 
18   0.698619 -0.553885 -0.452926 0.027954 -0.715095 -0.519411 -0.467815 0.254235 0.023861 0.650710 -0.758951 0.079859 
19   0.999257 0.036762 -0.011585 -0.096603 -0.031232 0.948392 0.315558 -0.035104 0.022588 -0.314962 0.948836 0.126885 
20   0.892303 0.220185 -0.394099 -0.090297 -0.019236 0.890739 0.454107 -0.040950 0.451027 -0.397620 0.799045 0.196802 
21   0.861217 -0.368569 -0.349945 -0.066271 0.302549 0.925042 -0.229699 0.075678 0.408374 0.091945 0.908172 0.168984 
22   0.915691 0.129012 -0.380613 -0.081759 0.161756 0.748658 0.642921 -0.039607 0.367893 -0.650283 0.664670 0.232672 
23   0.976912 -0.010182 -0.213398 -0.039313 -0.003294 0.998027 -0.062701 0.006624 0.213616 0.061956 0.974951 -0.040056 
24   0.946953 0.219992 -0.234272 -0.135784 -0.028925 0.784361 0.619630 -0.019931 0.320068 -0.579984 0.749116 0.279220 
25   -0.495809 0.057486 -0.866527 0.018079 0.653320 0.682068 -0.328567 0.245171 -0.572142 0.729026 0.375732 -0.356315 
26   0.987630 0.023979 -0.154957 -0.052795 -0.020898 0.999551 0.021481 0.009634 0.155403 -0.017977 0.987688 -0.003113 
27   0.949730 0.032172 -0.311413 -0.104266 -0.102066 0.972177 -0.210840 -0.050764 0.295966 0.232026 0.926590 -0.119346 
28   0.951827 -0.032648 -0.304891 -0.078593 -0.079912 0.933545 -0.349440 -0.074597 0.296038 0.356972 0.885964 -0.176509 
6
0   0.941146 -0.321295 -0.104944 0.214432 -0.124963 -0.042273 -0.991260 0.935132 0.314051 0.946035 -0.079935 -0.350935 
1   0.997049 0.076610 0.004957 0.051489 0.001191 0.049126 -0.998792 -0.188588 -0.076761 0.995850 0.048890 -0.562899 
2   0.919780 -0.208891 -0.332219 -0.028052 -0.127472 0.641622 -0.756354 -0.111081 0.371155 0.738028 0.563523 -0.447883 
3   0.982359 -0.107724 0.152861 0.101765 0.174996 0.817750 -0.548326 -0.088829 -0.065935 0.565403 0.822175 -0.321441 
4   0.362090 -0.509825 0.780365 0.507335 0.377159 0.845714 0.377516 0.170370 -0.852433 0.157627 0.498510 -0.172549 
5   0.814152 -0.054436 -0.578094 -0.139623 -0.291148 0.823124 -0.487545 -0.045529 0.502383 0.565247 0.654299 -0.387660 
6   0.995060 0.028527 0.095084 0.019359 -0.067137 0.898943 0.432891 0.233640 -0.073126 -0.437137 0.896417 0.145389 
7   0.992612 -0.114030 -0.041448 -0.010475 0.116171 0.991784 0.053555 0.128803 0.035000 -0.057975 0.997704 0.155143 
8   0.999914 0.012204 -0.004739 -0.002456 -0.012878 0.982015 -0.188365 0.046401 0.002355 0.188410 0.982088 0.140884 
9   0.997488 -0.055911 -0.043490 -0.013436 0.046099 0.978565 -0.200714 0.047635 0.053780 0.198205 0.978684 0.144008 
10   0.971175 -0.225305 -0.077826 0.114507 0.098384 0.676267 -0.730057 -0.058397 0.217117 0.701357 0.678940 -0.528147 
11   0.967475 -0.141370 -0.209778 0.009879 0.031322 0.889834 -0.455208 -0.016804 0.251021 0.433831 0.865320 -0.312720 
12   0.756679 -0.653716 -0.009617 0.388525 0.384155 0.456467 -0.802536 0.010241 0.529020 0.603567 0.596527 -0.508467 
13   0.910725 -0.131977 -0.391358 -0.086641 -0.326115 0.351659 -0.877488 0.037750 0.253433 0.926778 0.277225 -0.840277 
14   0.906932 -0.161665 -0.389022 -0.072286 -0.064902 0.858794 -0.508193 -0.031086 0.416247 0.486145 0.768376 -0.382432 
15   0.966089 -0.257732 0.015698 0.092676 0.061626 0.289186 0.955287 0.121990 -0.250748 -0.921925 0.295262 0.466708 
16   0.793221 0.015740 0.608730 -0.039826 -0.106177 0.987927 0.112811 0.103600 -0.599605 -0.154117 0.785316 0.253912 
17   0.865282 0.217386 -0.451698 0.072908 -0.499955 0.439858 -0.746036 0.289305 0.036505 0.871360 0.489285 0.156811 
18   0.998797 0.049033 0.001062 0.013147 0.006660 -0.114155 -0.993441 0.316059 -0.048591 0.992252 -0.114345 0.235541 
19   0.682822 -0.031337 0.729913 -0.137507 -0.615799 0.512912 0.598091 0.094429 -0.393123 -0.857869 0.330930 0.478803 
20   0.953190 0.173937 -0.247336 -0.024669 0.073844 0.659312 0.748234 0.089273 0.293217 -0.731474 0.615605 0.459163 
21   0.432333 -0.764497 -0.478156 0.016829 0.780378 0.582896 -0.226368 0.260823 0.451772 -0.275276 0.848602 0.415216 
22   0.396945 0.080162 -0.914335 0.033324 0.592687 0.738253 0.322031 0.170311 0.700826 -0.669743 0.245535 0.527593 
23   0.998892 0.034350 0.032167 -0.019935 -0.034529 0.999391 0.005034 0.004183 -0.031975 -0.006140 0.999470 0.014640 
24   0.938877 0.300290 -0.168335 -0.104381 0.250602 -0.260919 0.932266 0.405259 0.236028 -0.917468 -0.320224 0.649214 
25   0.684473 -0.668312 0.291302 0.367526 0.702676 0.498290 -0.507891 0.396196 0.194277 0.552328 0.810672 -0.296663 
26   0.997316 0.073106 0.004083 -0.037601 -0.073075 0.997299 -0.007350 0.005459 -0.004610 0.007032 0.999965 0.008941 
27   0.951719 -0.006378 0.306905 0.079932 -0.290577 0.303642 0.907395 0.555762 -0.098977 -0.952765 0.287128 0.225898 
28   0.943223 0.112461 -0.312542 -0.144791 -0.136914 0.988921 -0.057354 0.038081 0.302629 0.096890 0.948171 0.071223 
7
0   0.948369 0.033572 -0.315387 0.035064 -0.279211 0.560077 -0.779971 0.567056 0.150456 0.827760 0.540533 -0.541869 
1   0.893273 0.179738 0.412017 0.098995 -0.206874 0.978124 0.021817 0.035527 -0.399082 -0.104724 0.910915 -0.122886 
2   0.323456 0.324182 0.888978 0.260644 0.126688 0.916187 -0.380199 -0.106552 -0.937724 0.235601 0.255276 -0.312987 
3   0.934509 -0.110945 0.338206 0.081938 -0.036408 0.915402 0.400890 0.137394 -0.354072 -0.386949 0.851413 -0.136227 
4   0.688643 0.017639 0.724886 0.231041 0.069352 0.993519 -0.090060 -0.028540 -0.721776 0.112291 0.682956 -0.112920 
5   0.916433 0.059010 -0.395814 -0.170477 -0.159930 0.960657 -0.227067 -0.041535 0.366843 0.271395 0.889815 -0.198762 
6   0.887290 -0.116369 -0.446290 -0.142806 -0.094206 0.901518 -0.422364 -0.107248 0.451489 0.416802 0.788945 -0.114472 
7   0.905139 0.176529 -0.386731 -0.145785 0.077526 0.825909 0.558448 0.201910 0.417987 -0.535455 0.733877 -0.061904 
8   0.730227 -0.218277 -0.647398 -0.226522 0.281264 0.959610 -0.006294 0.044791 0.622623 -0.177494 0.762126 -0.047594 
9   0.992945 -0.113241 -0.035173 -0.026658 0.116770 0.985396 0.123930 0.069266 0.020625 -0.127163 0.991667 -0.030001 
10   0.845313 0.084984 -0.527469 -0.294432 -0.383572 0.783781 -0.488425 -0.010305 0.371912 0.615195 0.695138 -0.491500 
11   0.987849 0.121232 0.097247 0.002635 -0.107779 0.985192 -0.133342 0.074982 -0.111972 0.121240 0.986288 -0.116877 
12   0.999035 0.031997 0.030093 -0.002839 -0.005120 0.765257 -0.643704 -0.104977 -0.043625 0.642929 0.764683 -0.464810 
13   0.994913 -0.094683 0.034389 0.072110 0.073857 0.453473 -0.888205 -0.037336 0.068503 0.886226 0.458159 -0.745498 
14   0.931858 0.075001 -0.354986 -0.207855 0.027003 0.961351 0.273998 0.286449 0.361817 -0.264913 0.893818 -0.034142 
15   0.850342 -0.010682 0.526121 -0.098584 0.085576 0.989292 -0.118226 0.040024 -0.519225 0.145556 0.842151 0.012549 
16   0.896849 0.069100 -0.436906 0.019175 -0.015113 0.991933 0.125859 0.010561 0.442078 -0.106273 0.890659 -0.004181 
17   0.931201 0.070099 -0.357703 0.006646 0.120003 0.867670 0.482439 -0.032818 0.344187 -0.492173 0.799563 0.049304 
18   0.902094 0.124247 -0.413267 0.013236 -0.167023 0.983544 -0.068885 0.051494 0.397907 0.131166 0.908001 0.003730 
19   0.620426 -0.017096 0.784079 -0.186337 -0.699687 0.439556 0.563231 0.118488 -0.354275 -0.898053 0.260750 0.465391 
20   0.951687 0.023794 0.306146 -0.103844 0.000812 0.996795 -0.079996 0.136255 -0.307069 0.076380 0.948617 0.154972 
21   0.921336 -0.293307 -0.255169 -0.018517 -0.196729 0.214369 -0.956736 0.289355 0.335317 0.931674 0.139804 0.228428 
22   0.989686 0.022199 -0.141521 -0.043786 -0.120695 0.661344 -0.740309 0.245038 0.077160 0.749754 0.657202 0.153090 
23   0.989912 0.129229 -0.058091 -0.070288 -0.111795 0.964292 0.240089 0.005599 0.087043 -0.231172 0.969011 0.106910 
24   0.894840 0.416202 -0.161362 -0.182442 0.019973 0.323790 0.945918 0.168783 0.445940 -0.849668 0.281428 0.515804 
25   0.943695 -0.302197 0.134600 0.162820 0.292246 0.952205 0.088869 0.038036 -0.155023 -0.044529 0.986907 -0.011912 
26   0.996816 0.079689 -0.002730 -0.043877 -0.079591 0.992372 -0.094138 -0.020971 -0.004792 0.094056 0.995555 -0.044535 
27   0.990990 -0.127309 -0.041614 0.036802 0.132829 0.894271 0.427360 0.190651 -0.017192 -0.429037 0.903123 0.161120 
28   0.995997 0.035226 0.082148 0.013885 -0.025040 0.992228 -0.121884 -0.019073 -0.085803 0.119339 0.989139 -0.020292 
8
0   0.976765 -0.213847 -0.014136 0.090725 -0.162325 -0.695141 -0.700307 1.185949 0.139933 0.686330 -0.713702 0.028007 
1   0.898997 0.187025 0.396013 0.114991 -0.221585 0.974195 0.042942 0.035889 -0.377763 -0.126355 0.917240 -0.090989 
2   0.300988 0.286651 0.909526 0.290788 0.077014 0.943332 -0.322791 -0.096516 -0.950513 0.167202 0.261855 -0.276972 
3   0.927333 -0.151829 0.342056 0.106154 -0.030629 0.880148 0.473710 0.152400 -0.372983 -0.449764 0.811540 -0.113883 
4   0.721445 -0.008677 0.692417 0.234529 0.056015 0.997376 -0.045864 -0.018764 -0.690202 0.071874 0.720038 -0.079810 
5   0.906961 0.024230 -0.420516 -0.157641 -0.109507 0.977579 -0.179855 -0.040683 0.406730 0.209171 0.889280 -0.170719 
6   0.869495 -0.167970 -0.464505 -0.127844 -0.030465 0.920376 -0.389845 -0.102589 0.493001 0.353120 0.795145 -0.079618 
7   0.905116 0.155469 -0.395720 -0.129019 0.124819 0.792566 0.596875 0.211056 0.406430 -0.589634 0.697958 -0.044377 
8   0.695173 -0.258193 -0.670873 -0.216321 0.356662 0.934179 0.010051 0.049337 0.624121 -0.246262 0.741504 -0.024069 
9   0.988556 -0.139587 -0.057212 -0.013644 0.148523 0.967005 0.206984 0.089719 0.026432 -0.213112 0.976670 -0.004334 
10   0.999223 0.003432 -0.039259 -0.020854 -0.004503 0.999619 -0.027237 -0.042283 0.039151 0.027393 0.998858 0.005407 
11   0.999795 -0.020208 0.001281 0.010363 0.020203 0.999787 0.004200 -0.027162 -0.001365 -0.004173 0.999990 0.020613 
12   0.991411 -0.112350 0.066946 0.095627 0.066914 0.875562 0.478449 0.264126 -0.112370 -0.469860 0.875560 0.234448 
13   0.993184 0.056378 -0.102012 -0.078754 -0.054998 0.998354 0.016292 -0.018900 0.102763 -0.010571 0.994650 0.023307 
14   0.999641 -0.022507 0.014553 0.017859 0.024039 0.993026 -0.115417 -0.085051 -0.011854 0.115726 0.993210 -0.024970 
15   0.287490 -0.059849 -0.955912 0.147631 0.514490 0.851477 0.101422 -0.036406 0.807867 -0.520965 0.275583 0.248954 
16   0.731162 0.074722 -0.678099 0.049154 0.381502 0.779247 0.497223 -0.070266 0.565560 -0.622247 0.541249 0.249897 
17   0.665056 0.093765 -0.740883 0.059544 0.439472 0.752975 0.489789 -0.071439 0.603792 -0.651335 0.459563 0.261160 
18   0.687832 -0.117454 -0.716304 0.064474 0.124587 0.991281 -0.042908 0.006581 0.715098 -0.059728 0.696468 0.196724 
19   0.578306 -0.151210 -0.801684 0.093022 -0.219565 0.917567 -0.331454 0.041908 0.785719 0.367703 0.497434 -0.039100 
20   0.980921 -0.040805 -0.190074 0.009939 0.009910 0.986947 -0.160737 0.019303 0.194152 0.155787 0.968522 -0.100983 
21   0.975947 -0.076192 -0.204262 0.006972 0.039532 0.983257 -0.177884 0.027222 0.214395 0.165531 0.962618 -0.077338 
22   0.995071 0.097635 0.017352 -0.028983 -0.098175 0.945253 0.311221 -0.044016 0.013984 -0.311391 0.950179 -0.065868 
23   0.965014 0.137983 -0.222957 -0.066219 -0.191281 0.952069 -0.238697 0.010234 0.179334 0.272993 0.945153 -0.119885 
24   0.853462 -0.196781 0.482575 -0.053078 0.389165 0.856524 -0.338993 0.117971 -0.346630 0.477120 0.807592 -0.226049 
25   0.607076 -0.697010 0.381624 0.346340 0.572700 0.050835 -0.818187 0.657642 0.550885 0.715257 0.430038 -0.305705 
26   0.997230 0.063528 0.038681 -0.019845 -0.063548 0.997979 -0.000717 0.000747 -0.038649 -0.001743 0.999251 0.007061 
27   0.989997 -0.125606 0.064264 0.071011 0.090841 0.915958 0.390856 0.163815 -0.107957 -0.381108 0.918206 0.146622 
28   0.982235 -0.054725 0.179496 0.077912 0.064218 0.996805 -0.047503 0.004961 -0.176323 0.058185 0.982611 -0.001040 
9
0   0.953698 0.097942 -0.284371 -0.051580 -0.300763 0.314570 -0.900326 0.663514 0.001275 0.944168 0.329462 -0.454004 
1   0.962687 0.241657 0.121799 0.019225 -0.241912 0.970212 -0.012911 0.034862 -0.121291 -0.017036 0.992471 0.118406 
2   0.642063 0.266134 0.718977 0.205697 -0.310018 0.947847 -0.073998 0.013357 -0.701174 -0.175384 0.691083 0.053487 
3   0.851901 -0.042122 0.522006 0.154669 -0.323263 0.741912 0.587424 0.226057 -0.412026 -0.669172 0.618420 0.047104 
4   0.946244 0.218756 -0.238262 -0.170167 -0.094009 0.890816 0.444532 0.197782 0.309492 -0.398236 0.863494 0.121519 
5   0.941813 -0.000145 -0.336137 -0.123588 0.051768 0.988132 0.144620 0.052538 0.332127 -0.153606 0.930643 0.054120 
6   0.795111 -0.121841 -0.594099 -0.187970 -0.191174 0.879312 -0.436192 -0.108742 0.575544 0.460397 0.675858 -0.224323 
7   0.905260 0.211746 -0.368330 -0.137791 -0.029923 0.896574 0.441881 0.162157 0.423802 -0.388996 0.817969 -0.130211 
8   0.629590 -0.145226 -0.763233 -0.267801 0.079677 0.989264 -0.122510 -0.001143 0.772831 0.016319 0.634402 -0.169431 
9   0.991254 -0.011252 -0.131488 -0.054376 -0.002271 0.994757 -0.102245 -0.001951 0.131949 0.101649 0.986031 -0.119556 
10   0.995154 0.016512 0.096929 0.033128 -0.042540 0.961064 0.273032 0.106611 -0.088646 -0.275833 0.957109 0.173314 
11   0.998692 0.004946 -0.050898 -0.036028 0.006547 0.974752 0.223194 0.074709 0.050717 -0.223235 0.973444 0.156744 
12   0.893411 -0.393437 0.216851 0.324048 0.108507 0.657399 0.745689 0.499623 -0.435939 -0.642677 0.630018 0.228494 
13   0.969665 0.158070 -0.186451 -0.178077 -0.075380 0.918968 0.387059 0.184758 0.232525 -0.361263 0.903007 0.189839 
14   0.999792 -0.000166 0.020409 0.001654 -0.002156 0.993508 0.113740 0.013115 -0.020296 -0.113760 0.993301 0.129148 
15   0.999153 -0.022779 -0.034272 0.009895 0.039871 0.742028 0.669183 -0.012716 0.010188 -0.669982 0.742307 0.274739 
16   0.877608 -0.005044 0.479353 -0.059449 -0.099047 0.976460 0.191613 0.014910 -0.469036 -0.215639 0.856449 0.192198 
17   0.820588 -0.144234 -0.553020 0.089220 0.169418 0.985528 -0.005650 0.022076 0.545832 -0.089055 0.833149 0.117736 
18   0.939681 -0.066135 -0.335599 0.050024 -0.154901 0.792484 -0.589894 0.126916 0.304969 0.606297 0.734437 0.113849 
19   0.899779 -0.035744 -0.434880 0.062284 -0.114128 0.942667 -0.313615 0.049701 0.421156 0.331816 0.844112 -0.076205 
20   0.998685 0.022772 -0.045927 0.000950 -0.027515 0.994044 -0.105449 0.014857 0.043252 0.106574 0.993364 -0.074365 
21   0.999196 -0.037565 0.013995 -0.004298 0.039226 0.988189 -0.148131 0.028555 -0.008265 0.148561 0.988869 -0.057886 
22   0.954714 0.043984 0.294256 -0.047592 -0.142596 0.935665 0.322795 -0.042014 -0.261127 -0.350137 0.899565 -0.038609 
23   0.999847 -0.016710 -0.005168 0.003460 0.015942 0.992182 -0.123780 0.013410 0.007196 0.123679 0.992296 -0.057487 
24   0.902056 -0.142612 0.407379 -0.021228 0.217211 0.965603 -0.142938 0.045380 -0.372982 0.217425 0.902004 -0.113663 
25   -0.639796 0.378413 -0.668928 -0.138933 0.718467 0.603537 -0.345757 0.289770 -0.272884 0.701817 0.658018 -0.359419 
26   0.999794 0.000183 -0.020276 -0.005186 0.000775 0.998884 0.047234 0.017672 0.020262 -0.047240 0.998678 0.021571 
27   0.996527 -0.019204 0.081026 0.031983 0.033639 0.982954 -0.180747 -0.036804 -0.076174 0.182845 0.980186 -0.094761 
28   0.994622 -0.063501 0.081827 0.048207 0.084364 0.955003 -0.284344 -0.051917 -0.060089 0.289717 0.955224 -0.139454 
##############################################################################
# WEIGHTS: Num_of_Vertices Num_of_Bones
8431 29
0   12 0.016742  26 0.908861  27 0.066391  28 0.008005  
1   12 0.021827  26 0.910077  27 0.061849  28 0.006246  
2   12 0.016011  26 0.908148  27 0.067537  28 0.008303  
3   12 0.022024  26 0.909302  27 0.062124  28 0.006550  
4   12 0.034955  26 0.919716  27 0.044171  28 0.001158  
5   12 0.033856  26 0.912511  27 0.050507  28 0.003126  
6   12 0.028491  26 0.910002  27 0.057134  28 0.004373  
7   12 0.044834  26 0.904667  27 0.049208  28 0.001291  
8   12 0.025386  26 0.910111  27 0.059259  28 0.005244  
9   12 0.036617  26 0.919615  27 0.042919  28 0.000849  
10   12 0.044608  26 0.904844  27 0.049238  28 0.001310  
11   12 0.005482  26 0.855870  27 0.117083  28 0.021565  
12   12 0.009198  26 0.893898  27 0.079726  28 0.017179  
13   12 0.010277  26 0.901833  27 0.074655  28 0.013236  
14   23 0.007105  26 0.858074  27 0.097735  28 0.037085  
15   23 0.024851  26 0.856332  27 0.092895  28 0.025922  
16   12 0.005625  26 0.869219  27 0.091813  28 0.033343  
17   12 0.008935  26 0.862122  27 0.091126  28 0.037817  
18   12 0.009326  26 0.862379  27 0.090610  28 0.037686  
19   12 0.005214  26 0.870232  27 0.091154  28 0.033400  
20   12 0.004212  26 0.872200  27 0.089933  28 0.033655  
21   12 0.010105  26 0.861986  27 0.090054  28 0.037855  
22   12 0.008442  26 0.865772  27 0.089192  28 0.036594  
23   12 0.013447  26 0.897768  27 0.072419  28 0.016366  
24   12 0.011994  26 0.895728  27 0.075125  28 0.017153  
25   12 0.006917  26 0.857329  27 0.094997  28 0.040758  
26   12 0.006876  26 0.857206  27 0.095123  28 0.040795  
27   12 0.011130  26 0.893669  27 0.077222  28 0.017978  
28   12 0.009140  26 0.888159  27 0.082301  28 0.020400  
29   12 0.006865  26 0.857445  27 0.095080  28 0.040610  
30   12 0.023275  26 0.909958  27 0.060534  28 0.006233  
31   12 0.024915  26 0.909925  27 0.059627  28 0.005533  
32   12 0.021201  26 0.908864  27 0.062739  28 0.007196  
33   12 0.011133  26 0.909879  27 0.069755  28 0.009234  
34   12 0.012401  26 0.909136  27 0.069192  28 0.009271  
35   12 0.011665  26 0.909717  27 0.069447  28 0.009170  
36   12 0.015264  26 0.909193  27 0.067277  28 0.008266  
37   12 0.013477  26 0.910725  27 0.068618  28 0.007180  
38   12 0.017967  26 0.913611  27 0.062998  28 0.005424  
39   12 0.010953  26 0.900517  27 0.084000  28 0.004529  
40   12 0.009285  26 0.890474  27 0.093369  28 0.006872  
41   12 0.010861  26 0.898906  27 0.075683  28 0.014550  
42   12 0.008825  26 0.890889  27 0.081582  28 0.018705  
43   12 0.010992  26 0.896177  27 0.076700  28 0.016131  
44   12 0.012726  26 0.900921  27 0.072870  28 0.013482  
45   12 0.000461  26 0.700890  27 0.274562  28 0.024088  
46   12 0.002809  26 0.809490  27 0.173319  28 0.014382  
47   12 0.003318  26 0.828436  27 0.157961  28 0.010284  
48   4 0.000759  26 0.722200  27 0.257022  28 0.020019  
49   12 0.028652  26 0.923289  27 0.047014  28 0.001044  
50   4 0.000922  12 0.015801  26 0.931152  27 0.052124  
51   4 0.000918  12 0.015687  26 0.923720  27 0.059675  
52   4 0.003326  12 0.008568  26 0.903056  27 0.085050  
53   4 0.004273  12 0.009614  26 0.919351  27 0.066761  
54   4 0.012796  5 0.013436  26 0.878296  27 0.095472  
55   4 0.011923  5 0.007963  26 0.855406  27 0.124708  
