##############################################################################
# JOINTS: Num_of_Bones Num_of_Joints
26 25
10 12    0.013803 0.354436 -0.503294
12 10    0.013803 0.354436 -0.503294
7 8    -0.079216 0.029286 -0.302589
8 7    -0.079216 0.029286 -0.302589
6 7    -0.076602 0.075671 -0.294054
7 6    -0.076602 0.075671 -0.294054
19 20    -0.058526 0.043282 0.130061
20 19    -0.058526 0.043282 0.130061
6 25    -0.077699 0.228672 -0.345587
25 6    -0.077699 0.228672 -0.345587
15 16    0.063957 0.045876 0.132627
16 15    0.063957 0.045876 0.132627
1 3    0.076566 0.032707 -0.299653
3 1    0.076566 0.032707 -0.299653
14 15    0.058414 0.094241 0.131875
15 14    0.058414 0.094241 0.131875
17 18    -0.069288 0.210353 0.140853
18 17    -0.069288 0.210353 0.140853
4 5    0.080792 0.250417 -0.339875
5 4    0.080792 0.250417 -0.339875
13 14    0.061889 0.212692 0.136470
14 13    0.061889 0.212692 0.136470
22 23    -0.004840 0.467447 -0.038801
23 22    -0.004840 0.467447 -0.038801
9 10    0.006044 0.500513 -0.494665
10 9    0.006044 0.500513 -0.494665
23 24    -0.099241 0.442475 -0.274132
24 23    -0.099241 0.442475 -0.274132
9 11    0.000702 0.578970 -0.455119
11 9    0.000702 0.578970 -0.455119
18 20    -0.065298 0.094355 0.128079
20 18    -0.065298 0.094355 0.128079
24 25    -0.101422 0.373887 -0.289206
25 24    -0.101422 0.373887 -0.289206
2 3    0.076090 0.085411 -0.296314
3 2    0.076090 0.085411 -0.296314
11 23    -0.001836 0.594968 -0.402739
23 11    -0.001836 0.594968 -0.402739
2 5    0.077921 0.193541 -0.357866
5 2    0.077921 0.193541 -0.357866
0 21    -0.028918 0.712250 0.265161
21 0    -0.028918 0.712250 0.265161
5 23    0.045447 0.465475 -0.288867
23 5    0.045447 0.465475 -0.288867
13 22    0.058313 0.367278 0.148429
22 13    0.058313 0.367278 0.148429
21 22    -0.044410 0.637979 0.199768
22 21    -0.044410 0.637979 0.199768
17 22    -0.070252 0.372026 0.163820
22 17    -0.070252 0.372026 0.163820
##############################################################################
# BONES: Num_of_Frames Num_of_Bones
10 26
0
0   0.928631 -0.242218 -0.281026 0.217569 -0.131247 0.494014 -0.859491 0.530255 0.347015 0.835033 0.426966 -0.410600 
1   0.937394 -0.305218 0.167730 0.118570 -0.015705 -0.518168 -0.855135 -0.136217 0.347915 0.798964 -0.490521 -0.749340 
2   0.126646 0.408605 0.903882 0.349633 0.414918 0.805853 -0.422426 -0.079625 -0.901001 0.428536 -0.067480 -0.506897 
3   0.762237 -0.103614 0.638952 0.266556 0.405730 0.845607 -0.346890 -0.060365 -0.504359 0.523654 0.686592 -0.322058 
4   0.936160 0.159002 0.313566 0.094522 -0.020709 0.915278 -0.402289 -0.066282 -0.350965 0.370114 0.860139 -0.196292 
5   0.581144 0.027974 -0.813320 -0.227016 -0.514441 0.787019 -0.340516 0.026865 0.630573 0.616294 0.471762 -0.468855 
6   0.985362 0.132401 0.107385 -0.023249 -0.164157 0.906830 0.388217 0.210126 -0.045979 -0.400162 0.915290 0.127392 
7   0.998776 -0.038506 -0.031033 -0.049991 0.036392 0.997155 -0.066019 0.085108 0.033486 0.064809 0.997336 0.122426 
8   0.996712 -0.021813 -0.078033 -0.064865 -0.027914 0.811677 -0.583439 -0.071119 0.076064 0.583698 0.808400 0.053433 
9   0.998028 -0.061370 -0.013221 0.032521 0.021953 0.538489 -0.842346 -0.072322 0.058814 0.840395 0.538774 -0.687794 
10   0.915872 -0.149159 -0.372734 -0.100846 -0.351230 0.152016 -0.923866 0.083026 0.194465 0.977058 0.086838 -0.980725 
11   0.849899 -0.486050 0.203534 0.377159 0.521153 0.718216 -0.461047 -0.003320 0.077911 0.497916 0.863718 -0.341150 
12   0.918797 -0.233550 -0.318223 -0.043540 -0.248513 0.284096 -0.926030 0.033706 0.306680 0.929916 0.202986 -0.907109 
13   0.741183 0.127320 -0.659118 0.051118 0.573393 0.390518 0.720219 0.083397 0.349096 -0.911748 0.216441 0.451435 
14   0.975380 0.121309 -0.184169 -0.027174 0.112667 0.443792 0.889019 0.076665 0.189578 -0.887881 0.419198 0.430142 
15   0.735744 0.164961 0.656863 -0.128273 -0.646617 0.459535 0.608863 0.155946 -0.201413 -0.872706 0.444766 0.449051 
16   0.965109 0.231700 0.121980 -0.075066 -0.245391 0.962864 0.112589 0.173005 -0.091364 -0.138593 0.986126 0.336543 
17   0.989378 0.106466 0.098972 -0.071822 -0.138683 0.487284 0.862161 0.044378 0.043564 -0.866729 0.496873 0.401073 
18   0.593795 -0.087766 0.799816 -0.157090 0.227804 0.971699 -0.062498 0.098201 -0.771695 0.219312 0.596983 0.102044 
19   0.988760 0.143882 -0.040645 -0.028606 -0.031241 -0.067022 -0.997262 0.284968 -0.146212 0.987323 -0.061774 0.159145 
20   0.941679 -0.181145 0.283597 -0.059456 -0.233092 0.256723 0.937956 0.007439 0.242712 0.949358 -0.199527 0.201440 
21   0.853359 0.263979 -0.449548 -0.100410 -0.479599 0.735557 -0.478478 0.247339 0.204361 0.623916 0.754298 -0.349738 
22   0.980845 0.028526 -0.192692 0.004208 -0.022829 0.999236 0.031723 -0.002152 0.193449 -0.026717 0.980746 0.019529 
23   0.989791 0.111670 0.088563 -0.023195 -0.107625 0.992972 -0.049219 -0.002248 -0.093436 0.039185 0.994854 -0.014980 
24   -0.792229 0.452904 -0.408962 -0.487362 -0.348205 0.214847 0.912466 0.581874 -0.501124 -0.865285 0.012505 0.075323 
25   0.958536 0.160234 -0.235655 -0.150247 -0.197105 0.970020 -0.142164 0.009833 0.205811 0.182718 0.961382 0.029601 
1
0   0.977514 0.162509 -0.134380 -0.111300 -0.193027 0.433007 -0.880480 0.510884 -0.084898 0.886621 0.454638 -0.426393 
1   0.919717 -0.229093 0.318805 0.071774 0.285437 0.947760 -0.142394 0.007292 -0.269529 0.221961 0.937063 0.182847 
2   0.540713 0.414447 0.732026 0.179246 -0.759114 0.615355 0.212329 0.223553 -0.362457 -0.670501 0.647344 0.167736 
3   0.936981 -0.019192 0.348854 0.072594 0.012072 0.999672 0.022574 0.075890 -0.349173 -0.016941 0.936905 0.196708 
4   0.989366 0.095719 0.109508 -0.022525 -0.116611 0.972019 0.203916 0.102013 -0.086925 -0.214517 0.972844 0.164678 
5   0.594094 0.289383 -0.750540 -0.331347 0.061253 0.914064 0.400918 0.168107 0.802060 -0.284156 0.525314 -0.041312 
6   -0.867844 0.041109 -0.495133 -0.313830 -0.281053 0.781175 0.557472 0.262054 -0.409703 -0.622957 0.666384 0.032595 
7   0.963194 0.179569 -0.200031 -0.097261 -0.050735 0.852210 0.520734 0.263567 0.263976 -0.491419 0.829954 0.122327 
8   0.859575 -0.459098 0.224411 0.041667 0.479769 0.573847 -0.663718 -0.044659 0.175934 0.678180 0.713525 0.045870 
9   0.961137 0.130609 -0.243223 -0.195601 -0.270770 0.617821 -0.738228 -0.085317 0.053849 0.775395 0.629176 -0.616154 
10   0.952768 -0.006237 -0.303634 -0.156950 -0.276862 0.393074 -0.876836 -0.041306 0.124819 0.919486 0.372781 -0.815403 
11   0.574986 0.817351 -0.036447 -0.498818 -0.809944 0.562345 -0.166610 0.207336 -0.115683 0.125318 0.985349 -0.077514 
12   0.995063 -0.052128 0.084453 0.054053 0.096236 0.298864 -0.949431 -0.049601 0.024252 0.952871 0.302405 -0.861266 
13   0.981690 0.026999 0.188563 -0.038138 -0.150157 0.718784 0.678825 -0.017327 -0.117208 -0.694709 0.709677 0.283212 
14   -0.126928 0.020361 -0.991703 0.192957 0.583855 0.809776 -0.058102 0.018458 -0.801874 0.586386 0.114671 0.134304 
15   0.957643 -0.061955 -0.281214 0.043680 -0.277446 0.062943 -0.958677 0.257905 0.077095 0.996092 0.043088 0.053695 
16   0.794770 -0.548719 -0.259323 0.073525 -0.516357 -0.386816 -0.764035 0.268004 0.318929 0.741135 -0.590764 0.133991 
17   0.674323 0.031620 0.737759 -0.157442 -0.725160 0.216951 0.653510 0.100255 -0.139393 -0.975670 0.169225 0.463202 
18   -0.037539 0.161606 -0.986141 0.008697 -0.247424 0.954606 0.165857 0.046685 -0.968180 -0.250221 -0.004150 0.277637 
19   0.666393 -0.557393 -0.495210 0.036261 -0.293121 0.414845 -0.861385 0.207681 0.685565 0.719177 0.113066 0.284280 
20   0.980963 -0.045866 -0.188701 -0.007344 -0.072289 0.815630 -0.574041 0.165943 0.180239 0.576754 0.796787 0.171979 
21   0.524021 0.431819 -0.734122 -0.157298 -0.828441 0.458505 -0.321649 0.326169 0.197704 0.776728 0.598003 -0.376752 
22   0.999087 -0.015562 -0.039775 0.010418 0.006664 0.976652 -0.214724 0.011666 0.042188 0.214263 0.975865 -0.099564 
23   0.999795 0.016729 0.011403 -0.002602 -0.016508 0.999678 -0.019255 0.009045 -0.011721 0.019063 0.999750 -0.008045 
24   0.912843 -0.157126 0.376867 0.165889 -0.192843 0.647654 0.737127 0.354503 -0.359901 -0.745557 0.560906 0.175545 
25   0.982234 0.035520 -0.184266 -0.061378 -0.071195 0.979047 -0.190781 -0.025447 0.173629 0.200511 0.964183 -0.007453 
2
0   0.377558 -0.891030 -0.252024 0.317260 0.039509 0.287421 -0.956989 0.698936 0.925143 0.351362 0.143722 -0.251954 
1   0.848198 -0.529675 0.002229 -0.023060 0.529074 0.847019 -0.051385 0.020648 0.025329 0.044763 0.998676 0.184685 
2   0.769546 0.468914 0.433496 0.059207 -0.626692 0.684977 0.371568 0.253329 -0.122702 -0.557607 0.820986 0.173385 
3   0.929854 0.090229 0.356694 0.056614 -0.207360 0.929348 0.305473 0.181121 -0.303930 -0.358010 0.882868 0.188415 
4   0.998810 0.038312 0.030189 -0.026091 -0.041456 0.992894 0.111551 0.056246 -0.025701 -0.112669 0.993300 0.129738 
5   0.392607 0.245757 -0.886264 -0.340506 0.053756 0.955858 0.288869 0.117222 0.918134 -0.161054 0.362066 -0.148613 
6   0.670289 -0.273110 -0.690017 -0.179477 -0.246251 0.795276 -0.553982 -0.125107 0.700052 0.541246 0.465811 -0.333681 
7   0.839527 0.107834 -0.532509 -0.149016 -0.110257 0.993526 0.027366 0.041383 0.532013 0.035738 0.845982 -0.196482 
8   0.969112 -0.246402 -0.010385 0.029612 0.188603 0.767602 -0.612549 -0.121956 0.158905 0.591669 0.790365 -0.259148 
9   0.516831 -0.796600 -0.313551 0.369929 -0.780895 -0.588777 0.208673 1.087188 0.350840 -0.137002 0.926359 0.088470 
10   -0.306102 -0.399874 -0.863946 -0.095937 -0.903945 0.406765 0.132004 0.551737 0.298638 0.821366 -0.485976 -1.089502 
11   0.836929 -0.276478 -0.472345 -0.003898 -0.516299 -0.112439 -0.848995 0.329568 0.181618 0.954420 -0.236849 -1.072696 
12   0.128352 0.229484 -0.964812 -0.375767 -0.719746 0.690843 0.068569 0.416579 0.682269 0.685619 0.253842 -0.674339 
13   0.572942 0.166877 -0.802427 -0.159342 0.023517 0.975302 0.219620 -0.011711 -0.819259 0.144700 -0.554867 0.176386 
14   0.732613 -0.594404 -0.331606 -0.071478 0.391195 0.766399 -0.509509 0.109369 0.556997 0.243550 0.794001 -0.113932 
15   0.388098 -0.901874 -0.189747 -0.040976 -0.638301 -0.114521 -0.761221 0.285722 0.664795 0.416544 -0.620112 0.049915 
16   0.275537 -0.936953 0.214940 -0.085841 -0.727338 -0.349397 -0.590679 0.279574 0.628537 0.006419 -0.777753 0.091956 
17   -0.210414 0.250717 0.944916 -0.521080 0.336101 0.926190 -0.170905 0.080849 0.918021 -0.281627 0.279150 0.117176 
18   0.774461 0.443336 -0.451291 -0.296722 -0.483182 0.874993 0.030382 0.006435 -0.408346 -0.194526 -0.891859 0.171912 
19   0.310749 -0.495195 -0.811305 -0.241179 0.443537 0.830480 -0.337014 0.116605 0.840660 -0.255117 0.477709 0.084030 
20   -0.076593 0.405299 -0.910970 -0.289845 0.329557 0.872594 0.360517 0.017418 0.941024 -0.272604 -0.200403 0.178844 
21   -0.262875 -0.704011 -0.659746 0.273709 -0.556019 0.669369 -0.492735 0.286565 0.788505 0.237303 -0.567404 0.013897 
22   0.473838 -0.067776 -0.878000 -0.055692 0.086608 0.995787 -0.030128 0.014415 0.876343 -0.061766 0.477712 -0.000253 
23   0.974859 -0.050465 -0.217031 -0.035640 0.053122 0.998567 0.006425 0.014779 0.216396 -0.017793 0.976144 -0.005513 
24   0.818972 0.140816 -0.556287 -0.228750 -0.226319 0.970104 -0.087621 -0.026169 0.527318 0.197657 0.826358 -0.111061 
25   0.941474 -0.009918 -0.336939 -0.096552 -0.116751 0.928102 -0.353548 -0.076206 0.316220 0.372194 0.872626 -0.184302 
3
0   0.969373 0.235210 -0.070658 -0.170347 -0.190238 0.537180 -0.821734 0.464102 -0.155324 0.810009 0.565474 -0.421514 
1   0.991544 0.124000 0.038265 -0.038776 -0.056189 0.676034 -0.734725 -0.132672 -0.116974 0.726362 0.677285 0.076176 
2   0.604548 0.374338 0.703131 0.171043 -0.720389 0.633631 0.282050 0.241057 -0.339944 -0.677040 0.652729 0.167425 
3   0.894080 0.190377 0.405436 0.076528 -0.180875 0.981548 -0.062026 0.068397 -0.409763 -0.017877 0.912017 0.193271 
4   0.989261 0.006558 0.146010 0.011789 -0.049456 0.955082 0.292185 0.129965 -0.137535 -0.296268 0.945150 0.178576 
5   0.536200 0.307310 -0.786161 -0.343725 0.058593 0.915573 0.397860 0.165886 0.842055 -0.259396 0.472924 -0.069723 
6   0.916908 -0.146153 -0.371376 -0.077401 -0.061980 0.867098 -0.494266 -0.116146 0.394257 0.476214 0.785991 -0.201344 
7   0.660329 0.253825 -0.706781 -0.225944 0.126271 0.890223 0.437675 0.170602 0.740285 -0.378255 0.555789 -0.177879 
8   0.772163 -0.203827 -0.601846 -0.171930 0.128033 0.977638 -0.166831 -0.014735 0.622392 0.051764 0.780992 -0.131668 
9   0.706194 0.293844 -0.644163 -0.474902 -0.699331 0.431575 -0.569806 0.086349 0.110571 0.852877 0.510270 -0.717237 
10   0.975441 -0.025322 -0.218800 -0.106391 -0.196873 0.345225 -0.917639 -0.045460 0.098772 0.938178 0.331761 -0.847945 
11   0.671378 0.740999 0.013109 -0.434677 0.675728 -0.619313 0.399803 1.135065 -0.304373 0.259561 0.916507 -0.188773 
12   0.988713 -0.068777 0.133104 0.085939 0.145348 0.224812 -0.963501 -0.030587 0.036344 0.971972 0.232271 -0.909128 
13   0.983570 0.104468 -0.147229 -0.015072 0.095972 0.388170 0.916577 0.075713 0.152902 -0.915648 0.371766 0.410322 
14   0.717649 -0.005496 0.696383 -0.090357 0.100091 0.990401 -0.095331 0.085385 -0.689174 0.138116 0.711311 0.191961 
15   0.833375 -0.080436 -0.546824 0.073912 -0.470220 0.416782 -0.777936 0.262725 0.290480 0.905441 0.309513 0.115319 
16   0.834176 -0.335922 -0.437386 0.071067 -0.475835 -0.037458 -0.878737 0.297292 0.278804 0.941145 -0.191090 0.180821 
17   0.983303 0.001213 0.181971 -0.030807 0.066597 0.928206 -0.366057 0.079593 -0.169351 0.372064 0.912627 -0.145244 
18   0.329448 0.095376 -0.939344 0.062030 0.262366 0.946455 0.188116 0.010832 -0.906988 0.308426 -0.286785 -0.014165 
19   0.995374 -0.096069 -0.000780 -0.004073 0.093925 0.974804 -0.202324 0.045662 0.020197 0.201315 0.979318 -0.088795 
20   0.948714 0.056178 0.311105 -0.053974 -0.106155 0.983556 0.146112 -0.011549 -0.297781 -0.171643 0.939077 -0.086061 
21   0.651236 0.411315 -0.637739 -0.154622 -0.718991 0.603279 -0.345117 0.275472 0.242783 0.683282 0.688609 -0.351318 
22   0.999738 -0.020035 0.011084 0.006222 0.020876 0.996422 -0.081898 0.005007 -0.009403 0.082108 0.996579 -0.039893 
23   0.996852 -0.070194 -0.036864 0.027749 0.069886 0.997509 -0.009581 0.007994 0.037445 0.006974 0.999274 -0.004539 
24   0.997641 0.068520 0.004078 -0.022363 -0.066843 0.983298 -0.169282 -0.043403 -0.015609 0.168610 0.985559 -0.085220 
25   0.988874 -0.112592 -0.097214 0.015215 0.082460 0.958838 -0.271716 -0.048866 0.123806 0.260677 0.957455 -0.113723 
4
0   0.970056 -0.221513 -0.099615 0.132562 -0.003714 0.396561 -0.918001 0.634580 0.242853 0.890882 0.383864 -0.454861 
1   0.832017 -0.545261 0.102166 -0.012403 0.543153 0.763231 -0.349947 -0.087374 0.112836 0.346654 0.931182 0.113700 
2   0.770871 0.542377 0.334045 0.008494 -0.621971 0.754105 0.210899 0.180376 -0.137518 -0.370341 0.918660 0.164907 
3   0.838409 0.197997 0.507806 0.084304 -0.239773 0.970673 0.017403 0.075665 -0.489468 -0.136349 0.861296 0.154687 
4   0.996219 0.066278 0.056173 -0.025056 -0.068634 0.996794 0.041115 0.031674 -0.053268 -0.044815 0.997574 0.109526 
5   0.305822 0.255913 -0.917050 -0.347527 0.031170 0.959991 0.278291 0.112298 0.951578 -0.113693 0.285610 -0.196044 
6   0.897504 -0.083462 -0.433037 -0.118966 -0.146255 0.870026 -0.470812 -0.110489 0.416049 0.485889 0.768645 -0.235263 
7   0.483530 0.422066 -0.766850 -0.287063 0.040765 0.864263 0.501386 0.190235 0.874378 -0.273696 0.400691 -0.250886 
8   0.655041 -0.108512 -0.747761 -0.252162 0.031061 0.992665 -0.116842 -0.001363 0.754955 0.053310 0.653607 -0.193394 
9   0.992698 -0.067447 -0.100011 0.021993 0.036405 0.957933 -0.284675 -0.125843 0.115004 0.278955 0.953393 -0.173709 
10   0.973240 -0.113429 -0.199845 -0.004186 0.001669 0.873147 -0.487455 -0.183856 0.229786 0.474077 0.849970 -0.323436 
11   0.978165 -0.136999 -0.156281 0.036382 0.093036 -0.383769 0.918731 1.199526 0.185840 0.913210 0.362644 -0.809113 
12   0.971571 -0.142733 -0.188883 0.011742 0.002681 0.804405 -0.594075 -0.213169 0.236732 0.576680 0.781920 -0.394149 
13   0.618767 -0.033623 -0.784855 0.087154 -0.240537 0.942989 -0.230032 0.079201 0.747843 0.331123 0.575403 -0.105959 
14   0.970674 -0.103832 -0.216821 0.002795 0.062554 0.979938 -0.189231 0.046949 0.232119 0.170119 0.957695 -0.091983 
15   0.749138 0.059724 -0.659716 0.058731 0.133576 0.961848 0.238758 -0.012043 0.648806 -0.266985 0.712579 -0.042765 
16   0.679669 -0.308276 -0.665594 0.080836 0.100227 0.937919 -0.332059 0.066890 0.726639 0.158980 0.668372 -0.061421 
17   0.977390 0.210634 -0.018495 -0.141653 -0.157229 0.665513 -0.729638 0.246754 0.141377 -0.716048 -0.683584 0.532610 
18   0.876116 0.065190 0.477672 -0.187990 -0.343643 0.779368 0.523923 0.033044 -0.338128 -0.623166 0.705219 0.284404 
19   0.916973 -0.372678 -0.142379 -0.091050 0.199744 0.737804 -0.644785 0.211076 0.345345 0.562811 0.750987 0.254095 
20   0.674114 0.090048 -0.733118 -0.048454 0.108163 0.969806 0.218578 0.083534 0.730665 -0.226643 0.644020 0.324673 
21   0.778222 0.513825 -0.361047 -0.326982 -0.620224 0.719007 -0.313611 0.227203 0.098454 0.467989 0.878233 -0.287413 
22   0.991739 0.028804 -0.124994 -0.055366 -0.028871 0.999582 0.001276 0.012083 0.124978 0.002343 0.992157 -0.011216 
23   0.983071 -0.063796 -0.171758 -0.013939 0.067347 0.997618 0.014926 0.015049 0.170397 -0.026240 0.985026 0.001103 
24   0.860675 0.170890 -0.479620 -0.214319 -0.288690 0.939727 -0.183226 -0.048949 0.419400 0.296159 0.858134 -0.151601 
25   0.952855 -0.008292 -0.303313 -0.087006 -0.089971 0.946950 -0.308532 -0.067679 0.289781 0.321275 0.901559 -0.161539 
5
0   0.951113 -0.286986 -0.114118 0.055139 -0.028347 0.286821 -0.957565 0.690893 0.307539 0.913987 0.264664 -0.464640 
1   0.669020 0.179988 -0.721122 -0.249009 -0.106606 0.983441 0.146558 0.124322 0.735560 -0.021174 0.677129 0.036097 
2   0.871310 -0.075391 -0.484908 -0.173927 0.365158 0.759734 0.538019 0.220726 0.327839 -0.645849 0.689493 0.107079 
3   -0.796084 0.133909 -0.590186 -0.096110 -0.117169 0.922657 0.367390 0.193123 -0.593736 -0.361624 0.718822 0.161560 
4   0.869619 0.098347 -0.483829 -0.207139 -0.099634 0.994755 0.023123 0.029985 0.483566 0.028098 0.874857 0.011232 
5   -0.361288 -0.276301 0.890578 0.453252 0.052253 0.947590 0.315186 0.127779 0.930989 -0.160408 0.327916 -0.163182 
6   0.662548 -0.272444 -0.697714 -0.182462 -0.252463 0.795767 -0.550470 -0.124272 0.705190 0.540860 0.458452 -0.335297 
7   0.845699 0.103390 -0.523550 -0.145654 -0.107172 0.993970 0.023171 0.040626 0.522789 0.036514 0.851680 -0.195454 
8   0.970580 -0.240241 -0.016061 0.027863 0.179465 0.766286 -0.616926 -0.123685 0.160518 0.595894 0.786857 -0.260149 
9   0.389570 0.028063 -0.920569 -0.410473 -0.893869 -0.229288 -0.385261 0.616464 -0.221887 0.972954 -0.064239 -1.011244 
10   0.542997 -0.017847 -0.839545 -0.348346 -0.624348 0.659997 -0.417843 0.153649 0.561555 0.751056 0.347234 -0.701339 
11   0.992631 -0.026266 -0.118294 -0.014321 -0.120862 -0.144393 -0.982112 0.295071 0.008716 0.989172 -0.146504 -1.058227 
12   0.752283 0.331340 -0.569460 -0.339067 -0.250068 0.943256 0.218481 0.368344 0.609538 -0.021956 0.792453 -0.203942 
13   -0.294221 0.283475 -0.912730 0.036524 0.088202 0.958979 0.269407 -0.032294 -0.951659 0.001239 0.307154 0.149844 
14   0.945886 -0.169067 0.276977 -0.106310 0.305931 0.749209 -0.587445 0.115668 -0.108196 0.640392 0.760389 -0.100257 
15   0.719335 -0.279495 -0.635956 0.037772 -0.681103 -0.103765 -0.724798 0.271825 0.136588 0.954524 -0.265006 -0.009064 
16   0.583374 -0.679827 -0.444420 0.039430 -0.792538 -0.356793 -0.494552 0.260023 0.177644 0.640729 -0.746933 0.066624 
17   0.531972 0.037417 0.845935 -0.256156 0.245557 0.949276 -0.196409 0.065330 0.810375 -0.312209 -0.495801 0.384106 
18   0.261170 0.208974 -0.942401 -0.059125 -0.396772 0.913240 0.092549 -0.012413 -0.879979 -0.349747 -0.321426 0.250362 
19   0.877304 -0.434564 -0.203696 -0.082952 0.391863 0.893638 -0.218757 0.083810 0.277095 0.112095 0.954282 0.153015 
20   0.728491 0.117991 -0.674818 -0.054300 0.283601 0.844738 0.453859 -0.007846 0.623596 -0.522011 0.581921 0.249133 
21   0.134527 -0.259190 -0.956412 0.235653 -0.811237 0.525452 -0.256505 0.312325 0.569032 0.810383 -0.139577 -0.276538 
22   0.979505 -0.013579 -0.200960 -0.034235 0.000279 0.997815 -0.066063 0.008745 0.201418 0.064653 0.977369 -0.040589 
23   0.986347 -0.052708 -0.156018 -0.014212 0.053331 0.998577 -0.000193 0.011653 0.155806 -0.008130 0.987754 -0.007615 
24   0.815525 0.180321 -0.549912 -0.242274 -0.305623 0.941102 -0.144645 -0.038350 0.491441 0.286028 0.822602 -0.149851 
25   0.921169 0.002898 -0.389151 -0.118714 -0.148482 0.926943 -0.344572 -0.074987 0.359722 0.375191 0.854302 -0.187418 
6
0   0.958449 -0.284724 -0.017556 0.152429 0.022435 0.136590 -0.990374 0.782789 0.284381 0.948829 0.137302 -0.412400 
1   0.977035 -0.212727 0.012210 0.062899 0.040667 0.129918 -0.990690 -0.189056 0.209160 0.968436 0.135586 -0.558998 
2   0.202263 0.336768 0.919607 0.354937 0.375953 0.840367 -0.390439 -0.056296 -0.904295 0.424700 0.043367 -0.476039 
3   0.833499 -0.036528 0.551313 0.229665 0.310775 0.856005 -0.413127 -0.059906 -0.456836 0.515675 0.724831 -0.316278 
4   0.898671 0.124567 0.420563 0.137190 0.134246 0.834700 -0.534092 -0.090518 -0.417574 0.536432 0.733398 -0.282586 
5   0.797231 0.005253 -0.603651 -0.172893 -0.378940 0.782762 -0.493648 -0.021961 0.469922 0.622299 0.626033 -0.411707 
6   0.983908 0.054478 0.170165 0.038423 -0.122091 0.900348 0.417694 0.224537 -0.130453 -0.431748 0.892511 0.140064 
7   0.991812 -0.123085 -0.034035 -0.007583 0.124206 0.991706 0.033059 0.123420 0.029683 -0.037016 0.998874 0.153742 
8   0.999593 -0.006166 -0.027836 -0.008515 -0.001427 0.964287 -0.264857 0.024125 0.028475 0.264789 0.963886 0.134220 
9   0.807185 0.014284 -0.590125 -0.261424 -0.562670 0.320880 -0.761865 0.114245 0.178477 0.947012 0.267047 -0.855325 
10   0.834339 -0.173344 -0.523289 -0.134589 -0.155853 0.836366 -0.525549 -0.029408 0.528762 0.520042 0.670796 -0.444074 
11   0.342233 -0.924712 0.166686 0.626933 0.677758 0.120075 -0.725414 0.245898 0.650785 0.361233 0.667825 -0.333770 
12   0.945781 -0.164420 -0.280116 -0.016903 0.006585 0.871940 -0.489568 -0.026152 0.324739 0.461180 0.825747 -0.342410 
13   0.883029 -0.329860 0.333844 0.079344 -0.247126 0.277929 0.928269 0.144888 -0.398984 -0.902190 0.163902 0.487591 
14   -0.529012 0.248288 -0.811480 0.200103 0.066280 0.965409 0.252177 0.071711 -0.846022 -0.079620 0.527169 0.290708 
15   0.953080 0.283800 0.105341 -0.010736 -0.029770 0.434163 -0.900342 0.279349 -0.301252 0.854962 0.422241 0.184593 
16   0.988451 -0.125857 -0.084411 0.030962 -0.116571 -0.275558 -0.954190 0.324602 0.096831 0.953010 -0.287046 0.248705 
17   0.986379 0.134809 0.094245 -0.064183 0.026795 0.433623 -0.900696 0.365479 0.162289 -0.890953 -0.424105 0.597799 
18   -0.372752 0.161650 -0.913743 -0.022165 0.737775 0.648866 -0.186176 0.267666 0.562801 -0.743534 -0.361127 0.587218 
19   0.330057 -0.725814 -0.603537 0.026094 0.798029 0.556051 -0.232289 0.275098 0.504195 -0.404971 0.762749 0.422508 
20   0.866754 0.163269 -0.471255 0.001882 0.228668 0.709632 0.666433 0.118860 0.443225 -0.685394 0.577742 0.454411 
21   0.516720 -0.017604 -0.855973 0.171741 -0.827643 0.245591 -0.504669 0.551794 0.219104 0.969214 0.112333 -0.422231 
22   0.996707 0.020243 0.078514 -0.017728 -0.022641 0.999300 0.029779 -0.000091 -0.077856 -0.031459 0.996468 0.025648 
23   0.993309 0.113138 -0.023188 -0.064957 -0.114050 0.992554 -0.042769 -0.000193 0.018177 0.045127 0.998816 -0.013241 
24   0.897149 -0.182002 0.402490 0.172741 -0.389736 0.102738 0.915178 0.628967 -0.207916 -0.977916 0.021239 0.148353 
25   0.721104 0.243465 -0.648640 -0.308183 -0.303637 0.952578 0.019988 0.061051 0.622746 0.182538 0.760833 0.012613 
7
0   0.918799 -0.187589 -0.347302 0.225303 -0.142636 0.662619 -0.735249 0.465754 0.368053 0.725084 0.582057 -0.459241 
1   0.911876 0.007778 0.410392 0.103237 -0.150741 0.936303 0.317196 0.119200 -0.381785 -0.351106 0.854965 -0.134359 
2   0.402662 0.434474 0.805665 0.217936 0.182499 0.824396 -0.535785 -0.150186 -0.896972 0.362773 0.252661 -0.337892 
3   0.940477 -0.076210 0.331202 0.080055 -0.071168 0.908765 0.411196 0.142344 -0.332321 -0.410291 0.849249 -0.137986 
4   0.972073 0.118404 0.202621 0.008550 -0.112994 0.992865 -0.038105 0.010746 -0.205687 0.014146 0.978516 -0.046116 
5   0.657138 0.243307 -0.713422 -0.308572 -0.444830 0.889265 -0.106459 0.040290 0.608519 0.387310 0.692601 -0.302358 
6   0.920071 -0.097065 -0.379535 -0.121930 -0.082143 0.899480 -0.429172 -0.108118 0.383042 0.426045 0.819612 -0.111758 
7   0.789746 0.211046 -0.575987 -0.212977 0.198480 0.800537 0.565462 0.213457 0.580437 -0.560893 0.590332 -0.089428 
8   0.917308 -0.148463 -0.369466 -0.129853 0.180817 0.982015 0.054328 0.052080 0.354755 -0.116641 0.927655 -0.018246 
9   0.983193 -0.117338 0.139868 0.135163 -0.174203 -0.373703 0.911043 1.270247 0.054630 0.920097 0.387863 -0.798287 
10   0.878425 0.091351 -0.469068 -0.269874 -0.195684 0.964254 -0.178669 0.061637 0.435979 0.248736 0.864900 -0.228602 
11   0.987801 -0.141991 0.063938 0.114867 0.137105 0.598329 -0.789433 -0.066888 0.073836 0.788569 0.610498 -0.620521 
12   0.977497 0.079898 -0.195234 -0.129363 -0.029499 0.968176 0.248526 0.272955 0.208877 -0.237174 0.948746 -0.011044 
13   0.773011 -0.037829 0.633264 -0.099541 0.151444 0.980364 -0.126300 0.038211 -0.616051 0.193536 0.763561 0.019815 
14   0.993843 0.008317 -0.110481 -0.021529 -0.001481 0.998087 0.061815 0.018098 0.110784 -0.061271 0.991954 -0.002139 
15   0.971765 0.135622 -0.193077 -0.021348 -0.025871 0.874610 0.484136 -0.024649 0.234527 -0.465472 0.853425 0.047060 
16   0.891624 0.044774 -0.450557 0.022094 -0.049531 0.998772 0.001234 0.035212 0.450059 0.021216 0.892747 0.005734 
17   0.403047 -0.011145 0.915111 -0.220489 0.821379 0.445375 -0.356340 0.351757 0.403596 -0.895275 -0.188661 0.552821 
18   0.741375 0.131938 -0.657993 -0.005564 -0.002267 0.980970 0.194146 0.104559 -0.671087 0.142443 -0.727566 0.335983 
19   0.891308 -0.292017 -0.346837 -0.008084 -0.285355 0.233169 -0.929626 0.279025 0.352338 0.927555 0.124497 0.229614 
20   0.991680 -0.016498 0.127667 -0.075845 0.100820 0.716185 -0.690590 0.249611 -0.080040 0.697716 0.711889 0.137840 
21   0.839621 -0.129801 0.527435 -0.049944 0.113019 0.991523 0.064098 0.027240 -0.531284 0.005792 0.847174 -0.043047 
22   0.985363 0.070070 -0.155401 -0.034502 -0.040750 0.982006 0.184400 0.002635 0.165526 -0.175368 0.970488 0.078499 
23   0.994329 0.100946 0.033451 -0.041905 -0.098414 0.992665 -0.070225 -0.012671 -0.040294 0.066535 0.996970 -0.035506 
24   0.953265 -0.065657 -0.294916 -0.062277 0.209935 0.845921 0.490250 0.236489 0.217288 -0.529251 0.820170 0.205216 
25   0.987216 0.004518 0.159321 0.046289 0.013642 0.993535 -0.112703 -0.012903 -0.158800 0.113435 0.980773 -0.026726 
8
0   0.961899 -0.264002 0.071091 0.098750 -0.059324 -0.455361 -0.888328 1.055222 0.266892 0.850264 -0.453673 -0.192300 
1   0.923467 0.003312 0.383663 0.115230 -0.158745 0.913656 0.374210 0.130557 -0.349297 -0.406475 0.844257 -0.108237 
2   0.401643 0.395876 0.825812 0.246505 0.139554 0.864753 -0.482417 -0.142701 -0.905101 0.309005 0.292076 -0.293614 
3   0.951423 -0.101953 0.290515 0.088600 -0.047763 0.883283 0.466401 0.150898 -0.304158 -0.457621 0.835507 -0.112738 
4   0.985015 0.076231 0.154707 0.013965 -0.095240 0.988264 0.119431 0.058189 -0.143787 -0.132376 0.980715 0.003911 
5   0.756323 0.184735 -0.627573 -0.260512 -0.355346 0.921455 -0.157004 0.002029 0.549276 0.341752 0.762563 -0.244726 
6   0.963657 -0.091708 -0.250909 -0.063718 -0.012148 0.923215 -0.384091 -0.099847 0.266867 0.373180 0.888549 -0.071480 
7   0.800029 0.176615 -0.573377 -0.191363 0.255200 0.764745 0.591640 0.219674 0.542979 -0.619655 0.566746 -0.069899 
8   0.887266 -0.205487 -0.412958 -0.124721 0.269510 0.957517 0.102599 0.067185 0.374332 -0.202329 0.904952 0.006856 
9   0.986302 -0.077614 0.145552 0.111587 0.069173 0.995664 0.062191 0.008316 -0.149748 -0.051271 0.987394 0.042721 
10   0.975795 0.004303 -0.218643 -0.109495 -0.010503 0.999575 -0.027204 -0.037543 0.218433 0.028841 0.975426 -0.005535 
11   0.965689 -0.210565 0.152009 0.191527 0.129047 0.897015 0.422743 0.229686 -0.225369 -0.388622 0.893410 0.195547 
12   0.996729 -0.033201 0.073676 0.050632 0.040806 0.993715 -0.104240 -0.074953 -0.069752 0.106905 0.991819 -0.020977 
13   0.325269 0.038783 -0.944826 0.118444 0.581633 0.779596 0.232236 -0.040458 0.745589 -0.625081 0.231021 0.284345 
14   0.896462 0.031547 -0.441996 0.015969 0.237893 0.807268 0.540116 -0.067968 0.373848 -0.589341 0.716180 0.234123 
15   0.883749 0.198825 -0.423622 -0.001539 0.124218 0.773106 0.621995 -0.069363 0.451173 -0.602309 0.658534 0.238835 
16   0.791230 -0.141425 -0.594940 0.042708 0.201485 0.978856 0.035274 -0.005934 0.577372 -0.147781 0.802996 0.190755 
17   0.890021 -0.052334 -0.452907 0.039669 -0.145112 0.909212 -0.390225 0.052988 0.432210 0.413031 0.801623 -0.122368 
18   0.973958 -0.106215 0.200310 -0.035247 0.032898 0.940335 0.338656 -0.043407 0.224329 0.323246 -0.919341 0.124626 
19   0.953251 0.022816 -0.301316 0.013807 -0.028119 0.999516 -0.013273 -0.003412 0.300868 0.021125 0.953432 -0.064088 
20   0.961080 0.078012 0.265028 -0.061771 -0.175095 0.914032 0.365906 -0.057812 -0.213699 -0.398070 0.892117 -0.068005 
21   0.860934 -0.264878 -0.434318 0.230241 -0.499532 -0.278682 -0.820246 0.898056 0.096229 0.923134 -0.372242 -0.270426 
22   0.978875 0.126044 -0.160987 -0.068255 -0.163036 0.956336 -0.242573 0.009691 0.123383 0.263695 0.956683 -0.114306 
23   0.996857 0.079058 0.005052 -0.039713 -0.079076 0.996863 0.003291 0.000852 -0.004776 -0.003680 0.999982 0.010323 
24   0.980490 -0.185550 0.064884 0.092142 0.123640 0.838768 0.530265 0.235417 -0.152813 -0.511898 0.845345 0.178103 
25   0.966471 -0.091132 0.240061 0.106063 0.107553 0.992610 -0.056185 0.006783 -0.233167 0.080121 0.969130 -0.015534 
9
0   0.950761 0.081795 -0.298936 -0.023191 -0.296895 0.517106 -0.802779 0.460447 0.088918 0.852004 0.515929 -0.433244 
1   0.975125 -0.143253 0.169144 0.043414 0.038618 0.861222 0.506759 0.168621 -0.218265 -0.487622 0.845332 0.095400 
2   0.688135 0.323813 0.649319 0.175051 -0.352768 0.931316 -0.090587 0.007275 -0.634055 -0.166723 0.755101 0.061191 
3   0.979217 -0.004765 0.202759 0.048646 -0.140545 0.704822 0.695322 0.243654 -0.146222 -0.709368 0.689504 0.050714 
4   0.969892 0.043592 0.239602 0.049781 -0.033412 0.998365 -0.046388 -0.012397 -0.241232 0.036986 0.969762 0.059215 
5   0.448290 0.227082 -0.864563 -0.329260 -0.096569 0.973837 0.205711 0.083918 0.888657 -0.008728 0.458490 -0.194262 
6   0.981277 0.014714 -0.192039 -0.065602 -0.108935 0.864671 -0.490385 -0.116915 0.158835 0.502124 0.850084 -0.208576 
7   0.788452 0.247963 -0.562901 -0.207055 0.065882 0.875834 0.478094 0.180526 0.611557 -0.414039 0.674217 -0.156313 
8   0.857129 -0.144426 -0.494441 -0.169408 0.084858 0.986364 -0.141013 -0.008542 0.508065 0.078909 0.857697 -0.123429 
9   0.980264 -0.039085 0.193792 0.108910 -0.037665 0.925383 0.377157 0.180216 -0.194073 -0.377012 0.905648 0.201270 
10   0.978417 0.028997 -0.204595 -0.122216 0.016094 0.976404 0.215352 0.074141 0.206012 -0.213997 0.954864 0.141635 
11   0.979924 0.199095 -0.010477 -0.121954 -0.115461 0.609559 0.784287 0.548898 0.162534 -0.767332 0.620310 0.297328 
12   0.998075 -0.008798 0.061396 0.024780 0.001228 0.992495 0.122276 0.021792 -0.062011 -0.121965 0.990595 0.130699 
13   0.843239 0.027666 -0.536827 0.080009 0.330213 0.761363 0.557930 -0.019387 0.424156 -0.647735 0.632876 0.252822 
14   0.257423 0.061410 0.964346 -0.095809 -0.205090 0.978714 -0.007579 0.044409 -0.944284 -0.195826 0.264538 0.291724 
15   0.882227 -0.102514 -0.459528 0.070960 0.104968 0.994269 -0.020282 0.026292 0.458974 -0.030342 0.887932 0.111969 
16   0.924924 -0.111229 -0.363516 0.055895 -0.148099 0.775260 -0.614035 0.131274 0.350118 0.621772 0.700584 0.113862 
17   0.961380 -0.018830 0.274579 -0.038988 0.090697 0.963604 -0.251478 0.051220 -0.259850 0.266669 0.928098 -0.117536 
18   0.745750 0.074627 -0.662033 0.058346 0.125488 0.960186 0.249593 -0.016553 -0.654300 0.269211 -0.706694 0.084793 
19   0.996698 -0.081187 0.001158 -0.001513 0.080734 0.989423 -0.120519 0.026197 0.008639 0.120214 0.992710 -0.055799 
20   0.948817 0.042698 0.312928 -0.050240 -0.134682 0.950912 0.278615 -0.036520 -0.285671 -0.306501 0.907992 -0.043579 
21   0.753596 0.091746 -0.650903 0.057137 -0.559605 0.609052 -0.562047 0.323526 0.344868 0.787806 0.510321 -0.377779 
22   0.999396 -0.023047 0.025997 0.005925 0.025380 0.995314 -0.093306 0.009417 -0.023724 0.093910 0.995298 -0.047646 
23   0.999000 -0.033827 -0.029224 0.008717 0.034589 0.999064 0.025976 0.012934 0.028318 -0.026961 0.999235 0.009433 
24   0.999295 0.027344 -0.025719 -0.017358 -0.029728 0.994801 -0.097406 -0.025369 0.022921 0.098102 0.994912 -0.047620 
25   0.988159 -0.087060 0.126343 0.068249 0.120255 0.950853 -0.285337 -0.048015 -0.095292 0.297152 0.950063 -0.146950 
##############################################################################
# WEIGHTS: Num_of_Vertices Num_of_Bones
8431 26
0   11 0.001617  22 0.000379  23 0.921258  24 0.076746  
1   11 0.000287  22 0.000298  23 0.923943  24 0.075472  
2   9 0.000542  11 0.004408  23 0.917462  24 0.077588  
3   9 0.001487  11 0.012625  23 0.907807  24 0.078081  
4   9 0.003277  11 0.030706  23 0.887565  24 0.078453  
5   9 0.003102  11 0.027651  23 0.890760  24 0.078487  
6   11 0.000140  22 0.000203  23 0.925306  24 0.074351  
7   5 0.000171  11 0.000225  23 0.926734  24 0.072871  
8   11 0.000277  22 0.000255  23 0.924676  24 0.074792  
9   9 0.003343  11 0.031267  23 0.887193  24 0.078197  
10   5 0.000183  11 0.000227  23 0.926726  24 0.072863  
11   11 0.001504  23 0.880577  24 0.109525  25 0.008393  
12   22 0.000468  23 0.921847  24 0.077656  25 0.000029  
13   11 0.000027  22 0.000435  23 0.921912  24 0.077625  
14   5 0.002325  22 0.020965  23 0.904026  24 0.072685  
15   5 0.004252  22 0.037070  23 0.888652  24 0.070026  
16   5 0.006272  22 0.030057  23 0.896570  24 0.067101  
17   5 0.001343  22 0.017580  23 0.912751  24 0.068326  
18   5 0.001261  22 0.017592  23 0.913032  24 0.068115  
19   5 0.006750  22 0.029742  23 0.896541  24 0.066967  
20   5 0.007430  22 0.028465  23 0.897130  24 0.066975  
21   5 0.000777  22 0.017020  23 0.914277  24 0.067926  
22   5 0.000455  22 0.009381  23 0.920601  24 0.069563  
23   5 0.000764  22 0.000372  23 0.924290  24 0.074574  
24   5 0.000532  22 0.000412  23 0.923731  24 0.075324  
25   5 0.000345  22 0.009417  23 0.919812  24 0.070426  
26   5 0.000342  22 0.009389  23 0.919787  24 0.070483  
27   5 0.000407  22 0.000436  23 0.923319  24 0.075838  
28   5 0.000206  22 0.000487  23 0.922407  24 0.076900  
29   5 0.000340  22 0.009305  23 0.919773  24 0.070582  
30   5 0.000196  22 0.000267  23 0.924909  24 0.074628  
31   11 0.000074  22 0.000272  23 0.924849  24 0.074804  
32   5 0.000097  22 0.000313  23 0.924355  24 0.075235  
33   11 0.000095  22 0.000392  23 0.921748  24 0.077765  
34   11 0.000097  22 0.000388  23 0.922120  24 0.077396  
35   11 0.000132  22 0.000387  23 0.921849  24 0.077632  
36   9 0.000547  11 0.004376  23 0.917185  24 0.077892  
37   9 0.000724  11 0.006683  23 0.909096  24 0.083497  
38   9 0.001352  11 0.012684  23 0.902542  24 0.083422  
39   9 0.001337  11 0.014352  23 0.873654  24 0.110657  
40   11 0.011238  23 0.872222  24 0.113756  25 0.002784  
41   5 0.000048  22 0.000440  23 0.922286  24 0.077226  
42   22 0.000483  23 0.921849  24 0.077632  25 0.000035  
43   5 0.000159  22 0.000439  23 0.922734  24 0.076668  
44   5 0.000165  22 0.000405  23 0.923091  24 0.076339  
45   4 0.005088  23 0.674850  24 0.253936  25 0.066126  
46   11 0.006129  23 0.793099  24 0.177076  25 0.023696  
47   11 0.009054  23 0.801614  24 0.171596  25 0.017736  
48   4 0.007489  23 0.689217  24 0.243009  25 0.060286  
49   9 0.002851  11 0.026644  23 0.886967  24 0.083538  
50   4 0.010361  11 0.019227  23 0.874498  24 0.095914  
51   4 0.008341  11 0.019000  23 0.872561  24 0.100099  
52   4 0.021604  11 0.012630  23 0.840239  24 0.125527  
53   4 0.026371  11 0.012512  23 0.848454  24 0.112662  
54   4 0.054109  5 0.008820  23 0.795950  24 0.141121  
55   4 0.044561  23 0.781838  24 0.159335  25 0.014266  
56   4 0.011532  23 0.584965  24 0.293811  25 0.109693  
57   4 0.018303  23 0.599583  24 0.275394  25 0.106720  
58   4 0.012156  23 0.452772  24 0.293477  25 0.241595  
59   4 0.008080  23 0.449541  24 0.301415  25 0.240964  
60   4 0.110153  23 0.608462  24 0.210156  25 0.071229  
61   4 0.079537  23 0.708042  24 0.183710  25 0.028711  
62   4 0.101023  5 0.020516  23 0.713467  24 0.164994  
63   4 0.157481  5 0.031321  23 0.625078  24 0.186120  
64   4 0.084876  23 0.678080  24 0.131237  25 0.105807  
65   4 0.121219  23 0.556514  24 0.180354  25 0.141913  
66   4 0.171125  23 0.599097  24 0.175070  25 0.054707  
67   4 0.146026  23 0.526347  24 0.204960  25 0.122667  
68   4 0.195626  5 0.035098  23 0.572220  24 0.197056  
69   4 0.179916  23 0.572145  24 0.192700  25 0.055239  
70   4 0.137401  23 0.532496  24 0.195935  25 0.134168  
71   4 0.171087  23 0.584356  24 0.203859  25 0.040698  
72   4 0.120076  23 0.526129  24 0.222538  25 0.131256  
73   4 0.119161  23 0.537225  24 0.220910  25 0.122704  
74   22 0.077245  23 0.874391  24 0.048364  
75   22 0.080363  23 0.871603  24 0.047768  25 0.000266  
76   22 0.088394  23 0.864273  24 0.046307  25 0.001026  
77   22 0.103116  23 0.851526  24 0.043038  25 0.002319  
78   22 0.105698  23 0.849259  24 0.042108  25 0.002935  
79   22 0.109101  23 0.846259  24 0.040815  25 0.003825  
80   22 0.111876  23 0.840833  24 0.040355  25 0.006937  
81   22 0.113955  23 0.834973  24 0.039405  25 0.011667  
82   22 0.113725  23 0.834537  24 0.037560  25 0.014178  
83   22 0.113730  23 0.837418  24 0.033378  25 0.015473  
84   22 0.109647  23 0.851869  24 0.025176  25 0.013307  
85   22 0.108876  23 0.856274  24 0.022912  25 0.011938  
86   22 0.107614  23 0.862865  24 0.019635  25 0.009885  
87   22 0.108676  23 0.875634  24 0.011406  25 0.004283  
88   22 0.053937  23 0.788427  24 0.071598  25 0.086038  
89   22 0.074213  23 0.917784  24 0.005552  25 0.002451  
90   22 0.077978  23 0.824236  24 0.049789  25 0.047998  
91   22 0.047921  23 0.610988  24 0.161070  25 0.180022  
92   22 0.084901  23 0.733599  24 0.100504  25 0.080996  
93   22 0.086410  23 0.739219  24 0.100356  25 0.074015  
94   22 0.044735  23 0.520617  24 0.235578  25 0.199070  
95   22 0.045371  23 0.520786  24 0.226206  25 0.207636  
96   22 0.042974  23 0.648507  24 0.208919  25 0.099600  
97   22 0.053774  23 0.685086  24 0.176809  25 0.084330  
98   22 0.053070  23 0.739696  24 0.148395  25 0.058839  
99   22 0.046288  23 0.711995  24 0.171078  25 0.070639  
100   5 0.001656  22 0.057598  23 0.881379  24 0.059366  
101   22 0.072615  23 0.869043  24 0.055245  25 0.003097  
102   22 0.071484  23 0.871170  24 0.054775  25 0.002571  
103   5 0.001186  22 0.054933  23 0.886382  24 0.057499  
104   5 0.001184  22 0.054623  23 0.886787  24 0.057406  
105   22 0.069710  23 0.874356  24 0.054013  25 0.001921  
106   22 0.061137  23 0.884949  24 0.053410  25 0.000505  
107   5 0.001180  22 0.052832  23 0.888917  24 0.057071  
108   5 0.001054  22 0.049810  23 0.892696  24 0.056440  
109   22 0.059437  23 0.888180  24 0.052221  25 0.000162  
110   22 0.057602  23 0.890625  24 0.051773  
111   5 0.000595  22 0.044817  23 0.898950  24 0.055637  
112   5 0.009516  22 0.049594  23 0.878138  24 0.062751  
113   5 0.009034  22 0.038984  23 0.886778  24 0.065204  
114   5 0.007000  22 0.042899  23 0.885563  24 0.064538  
115   5 0.005235  22 0.053432  23 0.880047  24 0.061287  
116   5 0.002969  22 0.055990  23 0.880412  24 0.060629  
117   5 0.005772  22 0.045117  23 0.884770  24 0.064340  
118   5 0.005274  22 0.046363  23 0.884194  24 0.064169  
119   5 0.002183  22 0.057258  23 0.880201  24 0.060358  
120   4 0.146018  23 0.530823  24 0.214941  25 0.108218  
121   4 0.188838  5 0.033261  23 0.575244  24 0.202658  
