##############################################################################
# JOINTS: Num_of_Bones Num_of_Joints
29 28
22 23    0.045189 0.027092 0.163199
23 22    0.045189 0.027092 0.163199
27 28    -0.045467 0.026885 0.163627
28 27    -0.045467 0.026885 0.163627
18 19    0.000060 0.265043 0.318754
19 18    0.000060 0.265043 0.318754
11 12    -0.046452 0.027776 -0.107892
12 11    -0.046452 0.027776 -0.107892
14 16    -0.000485 0.279768 0.210726
16 14    -0.000485 0.279768 0.210726
26 27    -0.047002 0.063718 0.161674
27 26    -0.047002 0.063718 0.161674
21 22    0.045842 0.063929 0.161273
22 21    0.045842 0.063929 0.161273
16 17    0.001923 0.275567 0.237688
17 16    0.001923 0.275567 0.237688
24 26    -0.043224 0.156957 0.164625
26 24    -0.043224 0.156957 0.164625
17 18    0.000517 0.289995 0.261765
18 17    0.000517 0.289995 0.261765
10 11    -0.049812 0.106495 -0.111467
11 10    -0.049812 0.106495 -0.111467
20 21    0.044224 0.156797 0.163216
21 20    0.044224 0.156797 0.163216
3 4    0.002176 0.249141 0.009451
4 3    0.002176 0.249141 0.009451
7 10    -0.061605 0.157675 -0.079574
10 7    -0.061605 0.157675 -0.079574
0 2    -0.003470 0.263768 -0.383636
2 0    -0.003470 0.263768 -0.383636
24 25    -0.046085 0.175300 0.158398
25 24    -0.046085 0.175300 0.158398
3 5    -0.004776 0.258362 -0.051471
5 3    -0.004776 0.258362 -0.051471
15 20    0.053563 0.181876 0.157538
20 15    0.053563 0.181876 0.157538
4 13    0.000239 0.243849 0.048495
13 4    0.000239 0.243849 0.048495
13 14    0.002140 0.240881 0.090916
14 13    0.002140 0.240881 0.090916
0 1    0.003953 0.268349 -0.269986
1 0    0.003953 0.268349 -0.269986
8 9    0.037087 0.100138 -0.126805
9 8    0.037087 0.100138 -0.126805
6 8    0.052721 0.147661 -0.082557
8 6    0.052721 0.147661 -0.082557
5 7    -0.054172 0.214076 -0.089611
7 5    -0.054172 0.214076 -0.089611
1 5    -0.008449 0.270945 -0.187384
5 1    -0.008449 0.270945 -0.187384
14 25    -0.049656 0.226480 0.157649
25 14    -0.049656 0.226480 0.157649
14 15    0.055446 0.230413 0.155544
15 14    0.055446 0.230413 0.155544
5 6    0.054845 0.236432 -0.090082
6 5    0.054845 0.236432 -0.090082
##############################################################################
# BONES: Num_of_Frames Num_of_Bones
9 29
0
0   0.853545 -0.425092 -0.301260 0.043995 0.429740 0.901322 -0.054244 -0.233878 0.294590 -0.083164 0.951998 0.024073 
1   0.978770 0.156986 -0.131772 -0.067733 -0.123714 0.965093 0.230846 -0.171210 0.163412 -0.209644 0.964026 0.064151 
2   0.423333 0.406183 -0.809818 -0.372019 -0.879974 0.396958 -0.260903 -0.185052 0.215489 0.823067 0.525476 -0.378938 
3   0.967247 0.251129 -0.036965 -0.058884 -0.247612 0.965524 0.080321 -0.133353 0.055862 -0.068538 0.996083 0.015817 
4   0.994828 -0.096764 -0.030873 0.027836 0.096610 0.995301 -0.006444 -0.140462 0.031351 0.003428 0.999503 -0.002908 
5   0.988518 0.119074 0.093026 -0.016831 -0.150877 0.811539 0.564482 -0.066609 -0.008279 -0.572036 0.820187 0.137160 
6   0.364179 -0.027285 0.930929 0.126403 -0.924207 -0.133972 0.357622 0.187604 0.114961 -0.990609 -0.074006 0.152915 
7   0.993023 0.081028 0.085669 -0.009110 -0.104666 0.271048 0.956858 0.089612 0.054312 -0.959149 0.277638 0.178132 
8   0.912218 0.181438 0.367340 0.021153 -0.267264 0.943086 0.197887 -0.020188 -0.310529 -0.278693 0.908791 0.149935 
9   0.978992 0.191062 0.071200 -0.019924 -0.164460 0.533509 0.829651 0.099317 0.120529 -0.823932 0.553723 0.146437 
10   0.916278 0.055616 -0.396664 -0.048127 -0.070399 0.997258 -0.022793 -0.100061 0.394308 0.048810 0.917681 0.090114 
11   0.374299 -0.207440 -0.903808 -0.103080 0.926262 0.037357 0.375024 0.096492 -0.044031 -0.977534 0.206126 0.099770 
12   0.921062 -0.353389 0.163587 0.042247 0.148423 0.706952 0.691512 0.075801 -0.360021 -0.612646 0.703598 0.128832 
13   0.999477 -0.030752 -0.010026 0.010685 0.029613 0.994671 -0.098760 -0.135644 0.013010 0.098411 0.995061 -0.027168 
14   0.999882 0.015093 -0.002923 -0.000419 -0.015295 0.995821 -0.090039 -0.136005 0.001552 0.090074 0.995934 -0.024745 
15   0.971615 -0.201061 -0.124656 0.069885 -0.040439 0.378023 -0.924913 0.140205 0.233086 0.903700 0.359162 -0.123443 
16   0.987840 -0.152818 -0.028629 0.051982 0.155456 0.973841 0.165734 -0.183426 0.002553 -0.168169 0.985755 0.049380 
17   0.904993 0.221910 -0.362965 0.027897 -0.081215 0.927606 0.364626 -0.217419 0.417602 -0.300506 0.857499 0.115399 
18   0.617070 -0.055185 -0.784971 0.219421 0.268885 0.952283 0.144425 -0.167106 0.739544 -0.300187 0.602464 0.181784 
19   0.639143 -0.018239 -0.768872 0.204497 0.304168 0.924206 0.230923 -0.187173 0.706384 -0.381459 0.596247 0.205326 
20   0.687719 -0.356497 -0.632418 0.193600 -0.294663 0.659072 -0.691952 0.067245 0.663487 0.662219 0.348210 -0.100828 
21   0.869262 0.055807 -0.491192 0.097974 0.465847 0.240047 0.851683 -0.152220 0.165439 -0.969156 0.182666 0.204332 
22   0.875460 0.297439 -0.380920 0.064172 0.302436 0.277604 0.911849 -0.156892 0.376965 -0.913491 0.153075 0.196058 
23   0.908598 -0.089171 -0.408041 0.077557 0.070404 0.995663 -0.060816 -0.007223 0.411695 0.026529 0.910936 0.045416 
24   0.842329 0.516079 0.155387 -0.133021 0.065369 0.188354 -0.979923 0.172723 -0.534985 0.835575 0.124920 -0.075206 
25   0.958551 0.274815 -0.075210 -0.049579 -0.226871 0.576497 -0.784971 0.060985 -0.172364 0.769498 0.614950 -0.125638 
26   0.865940 -0.071217 0.495052 -0.095684 -0.473147 0.204179 0.856996 -0.155091 -0.162112 -0.976340 0.143110 0.222561 
27   0.865426 -0.302352 0.399526 -0.065299 -0.342584 0.224790 0.912198 -0.159355 -0.365614 -0.926311 0.090958 0.218576 
28   0.875672 0.114989 0.469015 -0.087410 -0.133975 0.990959 0.007182 -0.022451 -0.463949 -0.069125 0.883161 0.061509 
1
0   0.647953 -0.738563 -0.186231 0.160375 0.715726 0.674022 -0.182841 -0.234610 0.260563 -0.014818 0.965343 0.038162 
1   0.973917 0.188794 -0.125864 -0.073999 -0.158370 0.962834 0.218793 -0.199727 0.162493 -0.193154 0.967620 0.088941 
2   0.934587 -0.068835 -0.349010 -0.077638 -0.234504 0.618528 -0.749954 -0.441274 0.267496 0.782742 0.561926 -0.327025 
3   0.992267 0.122891 -0.017420 -0.027069 -0.068103 0.656392 0.751340 -0.013741 0.103768 -0.744343 0.659686 0.177722 
4   0.998925 -0.032698 -0.032846 0.011958 0.046132 0.769652 0.636795 -0.042077 0.004458 -0.637625 0.770334 0.148937 
5   0.996839 0.059754 0.052358 -0.006343 -0.078315 0.628214 0.774089 -0.003540 0.013363 -0.775743 0.630908 0.184355 
6   0.959948 -0.051456 0.275411 0.042025 -0.276313 -0.011176 0.961003 0.178674 -0.046371 -0.998613 -0.024946 0.184297 
7   0.995725 0.066671 -0.063931 -0.018412 0.048887 0.206868 0.977147 0.113978 0.078373 -0.976095 0.202724 0.193975 
8   0.990212 -0.100230 0.097132 0.033878 0.054682 0.918878 0.390734 -0.021766 -0.128416 -0.381598 0.915365 0.173443 
9   0.920979 -0.068128 -0.383611 -0.028289 0.367549 0.478557 0.797427 0.064907 0.129252 -0.875409 0.465782 0.158674 
10   0.972379 -0.002066 0.233400 0.014435 -0.072359 0.948027 0.309852 -0.063275 -0.221910 -0.318182 0.921692 0.127758 
11   0.541856 -0.020294 -0.840226 -0.124818 0.839917 -0.023227 0.542217 0.111868 -0.030520 -0.999524 0.004459 0.108057 
12   0.994654 -0.004198 0.103174 -0.001898 -0.051368 0.846651 0.529664 0.044549 -0.089576 -0.532132 0.841909 0.183009 
13   0.998350 -0.055298 0.015447 0.015108 0.032832 0.770565 0.636515 -0.043329 -0.047101 -0.634958 0.771110 0.146843 
14   0.999731 0.022913 -0.003684 -0.001736 -0.019801 0.924990 0.379475 -0.056505 0.012103 -0.379300 0.925195 0.068780 
15   0.996029 0.069537 0.055597 -0.021568 -0.066363 0.996165 -0.057022 -0.001047 -0.059349 0.053106 0.996824 -0.038426 
16   0.984224 -0.165277 0.063141 0.036916 0.151095 0.970852 0.186057 -0.028668 -0.092051 -0.173581 0.980508 -0.000797 
17   0.940083 0.162156 -0.299915 0.032704 -0.111990 0.977712 0.177591 -0.028128 0.322027 -0.133363 0.937290 -0.002942 
18   0.731241 -0.089201 -0.676262 0.204742 0.048245 0.995693 -0.079167 0.033698 0.680411 0.025264 0.732395 0.004043 
19   0.745463 -0.111319 -0.657185 0.204549 0.064605 0.993380 -0.094983 0.039352 0.663408 0.028349 0.747720 -0.001663 
20   0.932292 0.042785 -0.359166 0.052750 -0.044659 0.998998 0.003084 -0.011936 0.358938 0.013165 0.933269 -0.043571 
21   0.997801 0.051363 -0.041896 -0.003150 -0.044643 0.987979 0.148002 -0.033417 0.048995 -0.145806 0.988099 -0.013990 
22   0.975620 0.053489 -0.212849 0.025331 -0.021842 0.988694 0.148345 -0.034333 0.218377 -0.140079 0.965758 -0.018625 
23   0.991827 -0.059994 -0.112606 0.011321 0.020091 0.944983 -0.326503 0.042455 0.125999 0.321572 0.938465 -0.022531 
24   0.888096 0.058102 0.455970 -0.084172 0.124601 0.924407 -0.360479 0.066501 -0.442447 0.376955 0.813723 -0.096115 
25   0.973137 -0.011005 -0.229964 0.040929 -0.034739 0.980401 -0.193923 0.022460 0.227592 0.196703 0.953682 -0.056496 
26   0.998091 0.055737 -0.026606 0.000297 -0.050914 0.986380 0.156404 -0.035419 0.034962 -0.154751 0.987335 -0.020391 
27   0.995004 0.055024 -0.083302 0.009413 -0.043501 0.989983 0.134316 -0.031506 0.089858 -0.130021 0.987431 -0.019475 
28   0.987146 -0.090415 0.131788 -0.022216 0.128009 0.941006 -0.313244 0.050847 -0.095691 0.326088 0.940484 -0.032534 
2
0   0.438943 -0.893896 0.090987 0.264593 0.500438 0.159114 -0.851026 0.040661 0.746251 0.419085 0.517182 -0.238491 
1   0.803214 0.595215 0.023815 -0.154285 -0.504257 0.700667 -0.504767 -0.006917 -0.317131 0.393427 0.862927 -0.134658 
2   0.986591 -0.144290 0.076274 0.063345 0.032660 -0.283345 -0.958462 0.114332 0.159909 0.948101 -0.274833 -0.684321 
3   0.999557 -0.010431 0.027881 0.001137 0.011591 0.999061 -0.041756 -0.001143 -0.027420 0.042061 0.998739 -0.011726 
4   0.999919 0.011314 0.005784 -0.004115 -0.011022 0.998780 -0.048133 -0.001083 -0.006322 0.048065 0.998824 -0.012682 
5   0.997406 0.026252 -0.067025 -0.014211 -0.031906 0.995893 -0.084732 -0.002713 0.064526 0.086651 0.994147 -0.024345 
6   0.979523 0.072469 0.187836 -0.001992 -0.170049 0.797274 0.579170 0.111323 -0.107785 -0.599252 0.793271 0.134098 
7   0.935647 0.086370 -0.342207 -0.055360 -0.256100 0.833315 -0.489897 -0.015304 0.242854 0.546009 0.801808 -0.133033 
8   0.933948 -0.224715 0.277927 0.051842 0.080160 0.889509 0.449831 0.073294 -0.348303 -0.397840 0.848769 0.121653 
9   0.990758 0.052741 -0.124967 -0.030361 0.008585 0.895081 0.445821 0.074741 0.135369 -0.442773 0.886356 0.114158 
10   0.992898 -0.072819 0.094079 0.007845 0.113583 0.815463 -0.567555 0.004337 -0.035389 0.574210 0.817943 -0.153571 
11   0.992704 0.071769 0.096889 -0.007394 -0.012536 0.860637 -0.509065 -0.000229 -0.119921 0.504136 0.855258 -0.146050 
12   0.968553 0.016812 -0.248238 -0.044420 -0.154205 0.823545 -0.545889 -0.009778 0.195257 0.567002 0.800239 -0.139161 
13   0.990854 0.114464 -0.071461 -0.025642 -0.117009 0.992599 -0.032490 -0.000350 0.067213 0.040555 0.996914 -0.010269 
14   0.995256 -0.068932 0.068664 0.005195 0.071103 0.997027 -0.029695 -0.001843 -0.066413 0.034436 0.997198 -0.007878 
15   0.997677 -0.003611 0.068027 -0.009904 0.051672 0.690851 -0.721148 0.179429 -0.044392 0.722988 0.689433 -0.119007 
16   0.998856 -0.011895 -0.046317 0.013342 0.007375 0.995299 -0.096565 0.012621 0.047248 0.096113 0.994248 -0.024443 
17   0.997891 -0.052654 0.037974 0.004597 0.053436 0.998373 -0.019890 -0.006557 -0.036865 0.021877 0.999081 -0.004794 
18   0.999875 0.014481 -0.006318 -0.003458 -0.014710 0.999173 -0.037897 -0.002052 0.005764 0.037985 0.999262 -0.009562 
19   0.998896 -0.046921 0.002453 0.010053 0.046685 0.997063 0.060713 -0.032857 -0.005294 -0.060531 0.998152 0.016945 
20   0.832525 -0.003595 -0.553975 0.098039 -0.407397 0.673655 -0.616617 0.190686 0.375405 0.739037 0.559371 -0.123306 
21   0.989694 0.066288 0.126930 -0.030727 -0.021986 0.946235 -0.322731 0.083627 -0.141499 0.316614 0.937941 -0.095829 
22   0.997249 0.059105 -0.044740 -0.002895 -0.071364 0.928762 -0.363742 0.093967 0.020054 0.365934 0.930425 -0.105157 
23   0.998280 0.046983 -0.035055 -0.004193 -0.052825 0.980263 -0.190508 0.063473 0.025413 0.192032 0.981059 -0.108951 
24   0.956775 -0.173615 -0.233324 0.066426 0.271334 0.821663 0.501247 -0.041097 0.104690 -0.542889 0.833254 0.154663 
25   0.988702 -0.013301 0.149301 -0.020637 -0.061426 0.872623 0.484516 -0.062303 -0.136728 -0.488213 0.861948 0.129353 
26   0.994869 -0.100995 0.005907 0.017427 0.071837 0.746343 0.661674 -0.064375 -0.071234 -0.657854 0.749769 0.178682 
27   0.990922 -0.089302 0.100492 0.001138 0.003948 0.766509 0.642222 -0.065678 -0.134380 -0.635995 0.759903 0.172706 
28   0.998939 -0.037890 0.026188 0.012273 0.042503 0.977393 -0.207113 0.069317 -0.017749 0.208006 0.977966 0.119664 
3
0   -0.324821 -0.563466 -0.759603 -0.071480 0.633979 -0.725714 0.267226 0.328904 -0.701828 -0.394772 0.592953 0.066725 
1   0.284531 0.017434 -0.958508 -0.285563 0.463089 0.872945 0.153345 -0.129481 0.839399 -0.487506 0.240307 -0.009583 
2   0.259567 -0.881494 -0.394454 0.154738 0.957435 0.181489 0.224455 0.074532 -0.126267 -0.435925 0.891081 0.194172 
3   0.145219 -0.989364 -0.008431 0.170127 0.989154 0.144988 0.023499 0.041773 -0.022027 -0.011753 0.999688 -0.004016 
4   -0.029608 -0.986972 0.158143 0.168271 0.998443 -0.036686 -0.042025 0.087658 0.047280 0.156652 0.986522 -0.046417 
5   -0.009834 -0.999120 0.040785 0.172437 0.998407 -0.012077 -0.055122 0.077599 0.055566 0.040178 0.997646 -0.018959 
6   0.260054 -0.440934 0.859040 0.093220 0.951796 0.266917 -0.151128 0.004240 -0.162655 0.856932 0.489092 -0.248945 
7   0.052846 -0.626747 0.777429 0.160134 0.995333 -0.029894 -0.091757 0.078025 0.080749 0.778649 0.622242 -0.213758 
8   -0.645776 -0.039831 0.762487 0.074964 0.745781 -0.246956 0.618727 0.153562 0.163656 0.968208 0.189183 -0.307920 
9   0.236163 -0.229925 0.944119 0.086968 0.923206 0.356236 -0.144177 -0.012604 -0.303179 0.905666 0.296398 -0.271322 
10   -0.824804 -0.301098 0.478579 0.030290 0.554941 -0.593272 0.583154 0.193515 0.108341 0.746571 0.656425 -0.205139 
11   0.311191 0.064815 0.948134 0.099173 -0.948501 -0.040983 0.314113 0.030330 -0.059216 0.997055 -0.048724 -0.319866 
12   0.318100 0.362905 0.875850 0.083272 0.943572 -0.210940 -0.255294 0.061146 0.092105 0.907637 -0.409527 -0.349613 
13   -0.174486 -0.926831 0.332472 0.144824 0.983865 -0.177666 0.021069 0.119059 0.039542 0.330784 0.942878 -0.087773 
14   0.006093 -0.224671 0.974416 -0.085699 0.999784 0.020732 -0.001472 0.073014 -0.019871 0.974214 0.224749 -0.175518 
15   -0.094081 0.355050 0.930101 -0.207184 0.995552 0.038263 0.086096 0.055404 -0.005020 0.934064 -0.357070 -0.075708 
16   -0.020327 0.467303 0.883864 -0.260667 0.996227 -0.065132 0.057347 0.084723 0.084367 0.881695 -0.464216 -0.004920 
17   0.124914 0.290660 0.948638 -0.228316 0.949635 0.241921 -0.199170 0.060855 -0.287386 0.925738 -0.245801 -0.068385 
18   0.015919 0.992345 0.122465 -0.217586 0.998379 -0.022470 0.052297 0.072425 0.054649 0.121434 -0.991094 0.361312 
19   -0.011280 0.998540 0.052830 -0.197073 0.999665 0.012491 -0.022651 0.087004 -0.023278 0.052557 -0.998347 0.381872 
20   -0.096140 0.111638 0.989088 -0.173043 0.990602 0.107850 0.084114 0.043575 -0.097283 0.987879 -0.120957 -0.117913 
21   0.398074 -0.871410 0.286674 0.073268 0.892284 0.440361 0.099555 -0.006535 -0.212993 0.216165 0.952842 -0.166718 
22   0.313649 -0.394661 0.863636 -0.046766 0.835633 0.546659 -0.053669 0.014024 -0.450934 0.738516 0.501251 -0.116528 
23   0.137900 0.961587 0.237347 0.026557 0.817663 0.024707 -0.575167 0.114015 -0.558937 0.273385 -0.782847 0.110380 
24   -0.416761 0.783745 0.460493 -0.236257 0.908717 0.372196 0.188952 -0.031137 -0.023303 0.497206 -0.867320 0.090407 
25   -0.005389 0.513550 0.858043 -0.234665 0.974285 0.195982 -0.111179 0.049803 -0.225257 0.835379 -0.501400 -0.036371 
26   -0.103763 -0.763142 0.637846 -0.009381 0.994450 -0.068397 0.079941 0.059581 -0.017380 0.642601 0.766004 -0.200149 
27   -0.145593 -0.088006 0.985423 -0.111053 0.982855 -0.126759 0.133893 0.054016 0.113128 0.988022 0.104953 -0.108840 
28   0.363742 0.916257 0.167823 0.018875 0.911917 -0.387016 0.136477 0.057359 0.189998 0.103398 -0.976325 0.095294 
4
0   0.966336 -0.180225 -0.183615 0.006091 0.256336 0.735656 0.626979 0.074970 0.022080 -0.652939 0.757089 0.191409 
1   0.517772 0.853406 -0.060092 -0.235927 -0.449976 0.331399 0.829274 0.240488 0.727622 -0.402335 0.555602 0.066884 
2   0.927373 -0.053762 -0.370255 -0.099085 0.037897 0.998030 -0.049996 -0.255069 0.372213 0.032334 0.927584 0.077559 
3   0.972385 0.232322 0.022246 -0.055956 -0.069463 0.197096 0.977920 0.268709 0.222808 -0.952460 0.207791 0.209468 
4   0.997908 -0.063753 0.010722 0.017933 -0.006769 0.061902 0.998059 0.303637 -0.064293 -0.996044 0.061341 0.222283 
5   0.997427 0.001825 -0.071664 -0.001958 0.050048 0.698006 0.714341 0.124211 0.051326 -0.716090 0.696119 0.169828 
6   0.851217 0.063235 0.520991 0.043024 -0.111946 0.991745 0.062529 0.005207 -0.512736 -0.111549 0.851269 0.068257 
7   0.929590 0.029396 0.367420 0.027573 -0.012619 0.998769 -0.047980 -0.013906 -0.368378 0.039965 0.928817 0.002161 
8   0.969316 -0.075414 -0.233965 -0.003577 0.130294 0.964700 0.228859 0.009458 0.208447 -0.252321 0.944925 0.057464 
9   0.975615 -0.218499 -0.020835 0.038253 0.216773 0.944295 0.247623 0.010941 -0.034431 -0.246101 0.968632 0.068341 
10   0.943805 0.172962 -0.281633 -0.045450 -0.174548 0.984453 0.019647 -0.016405 0.280652 0.030615 0.959321 0.046282 
11   0.997544 0.065112 0.025817 0.003171 -0.069346 0.969960 0.233169 0.014095 -0.009860 -0.234387 0.972093 0.061979 
12   0.980019 -0.028321 0.196878 0.023555 -0.013835 0.977709 0.209509 0.013872 -0.198423 -0.208046 0.957781 0.050950 
13   0.999279 0.037730 0.004271 -0.006560 -0.004324 0.001333 0.999990 0.320264 0.037724 -0.999287 0.001495 0.226058 
14   0.999286 0.031428 -0.020969 -0.001803 0.017140 0.117485 0.992927 0.295067 0.033669 -0.992577 0.116863 0.215477 
15   0.998826 0.026532 -0.040542 0.002261 0.045106 -0.814708 0.578114 0.576775 -0.017691 -0.579264 -0.814948 0.271260 
16   0.978622 0.010925 0.205376 -0.043624 -0.205630 0.070815 0.976064 0.311351 -0.003880 -0.997430 0.071548 0.226288 
17   0.861336 0.307361 -0.404510 0.019641 0.423890 0.004083 0.905705 0.344605 0.280030 -0.951584 -0.126771 0.260341 
18   0.644639 -0.240846 -0.725558 0.263981 0.755783 0.343587 0.557441 0.336265 0.115035 -0.907712 0.403516 0.108732 
19   0.663562 -0.162731 -0.730208 0.244730 0.748118 0.146817 0.647120 0.359956 0.001900 -0.975686 0.219164 0.185420 
20   0.892305 0.107534 0.438438 -0.083342 -0.129147 -0.869815 0.476175 0.613791 0.432565 -0.481516 -0.762253 0.221618 
21   0.904100 0.045187 -0.424925 0.066518 0.210098 -0.912907 0.349942 0.627404 -0.372104 -0.405658 -0.834853 0.257576 
22   0.999752 0.011893 -0.018818 -0.001279 0.019068 -0.893747 0.448166 0.619850 -0.011488 -0.448414 -0.893752 0.253496 
23   0.989453 -0.042948 -0.138339 0.020166 0.137901 -0.013003 0.990361 0.502211 -0.044333 -0.998993 -0.006943 0.125260 
24   0.997860 -0.032755 -0.056593 0.018449 0.040611 -0.367870 0.928990 0.410990 -0.051248 -0.929300 -0.365752 0.278015 
25   0.999395 -0.033292 0.010039 0.007970 -0.018312 -0.258479 0.965843 0.383353 -0.029560 -0.965443 -0.258932 0.267368 
26   0.995950 0.054642 0.071404 -0.016373 -0.006357 -0.749367 0.662124 0.512728 0.089687 -0.659896 -0.745985 0.304552 
27   0.997869 0.053248 0.037702 -0.010726 0.013815 -0.737200 0.675533 0.510822 0.063764 -0.673573 -0.736365 0.302761 
28   0.969878 -0.062031 0.235559 -0.041261 -0.214968 0.236840 0.947468 0.429734 -0.114562 -0.969566 0.216371 0.146777 
5
0   0.996532 -0.080725 0.020194 0.025531 0.083001 0.946954 -0.310466 -0.036511 0.005940 0.311066 0.950370 -0.080016 
1   0.945952 0.322995 0.029131 -0.080097 -0.300382 0.906487 -0.296736 -0.020320 -0.122251 0.271947 0.954515 -0.068022 
2   0.989280 -0.116121 0.088554 0.061099 0.142320 0.902529 -0.406432 -0.061461 -0.032727 0.414677 0.909380 -0.123211 
3   0.998806 -0.048857 0.000371 0.012097 0.043913 0.894346 -0.445216 -0.062254 0.021420 0.444700 0.895423 -0.138760 
4   0.999838 0.015785 0.008701 -0.004133 -0.012980 0.965506 -0.260057 -0.082003 -0.012506 0.259901 0.965554 -0.091924 
5   0.999648 0.006674 -0.025688 -0.003905 -0.020814 0.797680 -0.602722 -0.045417 0.016468 0.603044 0.797538 -0.185946 
6   0.960791 0.012663 -0.276984 -0.025215 -0.201770 0.717119 -0.667105 -0.021153 0.190183 0.696836 0.691557 -0.227757 
7   0.997687 0.045214 -0.050761 -0.014733 -0.067935 0.689827 -0.720780 -0.034840 0.002427 0.722561 0.691302 -0.222504 
8   0.974472 -0.161286 0.156175 0.035119 0.203694 0.927674 -0.312937 -0.045501 -0.094407 0.336760 0.936846 -0.137951 
9   0.991897 -0.088707 0.090944 0.018641 0.075947 0.987894 0.135272 0.009821 -0.101843 -0.127269 0.986626 -0.083054 
10   0.989610 0.098414 -0.104820 -0.027965 -0.138352 0.850202 -0.507951 -0.047788 0.039128 0.517176 0.854984 -0.174575 
11   0.841375 0.030941 -0.539566 -0.076611 -0.025707 0.999521 0.017231 0.000468 0.539840 -0.000627 0.841767 -0.095846 
12   0.988146 -0.025419 0.151397 0.006765 0.007115 0.992720 0.120236 0.013361 -0.153352 -0.117733 0.981133 -0.109598 
13   0.999414 0.033687 0.006030 -0.008353 -0.031183 0.968996 -0.245102 -0.084325 -0.014100 0.244770 0.969479 -0.086029 
14   0.999982 -0.005975 -0.000247 0.001821 0.005893 0.991565 -0.129473 -0.103025 0.001019 0.129469 0.991583 -0.057271 
15   0.976584 -0.010968 -0.214856 0.037960 0.151486 0.744194 0.650559 -0.179005 0.152759 -0.667873 0.728430 0.162209 
16   0.911205 -0.274005 -0.307613 0.141492 0.107595 0.879098 -0.464339 -0.000752 0.397653 0.390011 0.830520 -0.096827 
17   0.904826 0.003848 -0.425764 0.092683 -0.121012 0.961046 -0.248487 -0.074223 0.408223 0.276361 0.870046 -0.074884 
18   0.658004 0.105563 -0.745578 0.146755 -0.134863 0.990637 0.021237 -0.153207 0.740839 0.086577 0.666079 0.033747 
19   0.722426 0.153218 -0.674259 0.111427 0.037328 0.965076 0.259297 -0.222138 0.690440 -0.212492 0.691476 0.105043 
20   0.857338 0.057865 0.511492 -0.083962 -0.440156 0.597619 0.670160 -0.124762 -0.266898 -0.799689 0.537831 0.240002 
21   0.922400 -0.030361 -0.385041 0.073101 0.367385 0.376607 0.850409 -0.155534 0.119190 -0.925876 0.358536 0.273068 
22   0.994061 -0.030510 -0.104458 0.024547 0.107454 0.426933 0.897876 -0.154677 0.017202 -0.903768 0.427676 0.265765 
23   0.986511 0.001003 -0.163693 0.033689 0.015084 0.995170 0.097004 -0.035270 0.163000 -0.098164 0.981730 0.147000 
24   0.976119 -0.087191 -0.198971 0.046316 0.208494 0.633243 0.745341 -0.158601 0.061010 -0.769026 0.636300 0.205884 
25   0.987097 -0.007029 0.159972 -0.024158 -0.109220 0.701016 0.704732 -0.177175 -0.117096 -0.713111 0.691203 0.177967 
26   0.994351 -0.009400 0.105727 -0.015131 -0.094074 0.383271 0.918833 -0.161487 -0.049160 -0.923588 0.380221 0.268082 
27   0.990579 0.004537 0.136865 -0.021244 -0.129363 0.358846 0.924389 -0.162629 -0.044920 -0.933386 0.356052 0.273292 
28   0.973117 -0.224914 0.049569 -0.001589 0.209350 0.953531 0.216682 -0.047449 -0.096000 -0.200480 0.974983 0.150066 
6
0   0.727627 0.034897 0.685085 0.095129 -0.190791 0.969595 0.153249 -0.086561 0.658907 0.242216 -0.712161 -0.505009 
1   0.480969 0.100846 0.870919 0.128841 0.298134 0.915353 -0.270637 -0.188264 -0.824491 0.389818 0.410191 -0.236078 
2   -0.746028 0.661479 -0.076733 -0.368005 0.602216 0.719352 0.346221 0.056377 0.284216 0.212080 -0.935010 -0.584011 
3   0.589585 0.768759 -0.247789 -0.231181 -0.783831 0.618606 0.054173 -0.073062 0.194930 0.162285 0.967298 -0.057158 
4   0.301633 -0.106205 -0.947491 -0.005361 -0.288643 0.936969 -0.196914 -0.150691 0.908682 0.332882 0.251965 -0.094972 
5   0.593550 0.804252 -0.029601 -0.229088 -0.804132 0.591164 -0.062424 -0.071308 -0.032705 0.060855 0.997611 -0.030191 
6   0.097637 0.995222 0.000026 -0.244916 -0.944722 0.092675 0.314502 0.090385 0.312997 -0.030732 0.949257 -0.031643 
7   0.274197 0.909164 -0.313427 -0.293658 -0.890457 0.363114 0.274290 0.004476 0.363184 0.203884 0.909136 -0.048311 
8   -0.262016 0.511278 -0.818500 -0.219937 -0.960023 -0.051520 0.275138 0.109223 0.098503 0.857870 0.504338 -0.185868 
9   -0.155950 0.938681 -0.307502 -0.203207 -0.871974 0.015425 0.489310 0.126471 0.464049 0.344441 0.816100 -0.105508 
10   0.977851 -0.006172 -0.209210 -0.096731 -0.194709 0.339857 -0.920101 -0.042866 0.076780 0.940457 0.331127 -0.228038 
11   -0.387022 0.672405 0.630940 -0.142827 0.844947 0.532575 -0.049282 0.084639 0.369160 -0.514037 0.774265 -0.007609 
12   0.495294 0.803637 -0.329928 -0.209833 -0.867299 0.435675 -0.240790 -0.012894 -0.049766 0.405408 0.912780 -0.037998 
13   0.146062 0.233219 -0.961392 -0.085784 -0.884038 0.466942 -0.021037 -0.043985 0.444008 0.852980 0.274377 -0.223608 
14   -0.023012 -0.280972 -0.959440 0.040295 -0.995572 -0.081046 0.047613 0.080993 -0.091137 0.956288 -0.277863 -0.195823 
15   0.039050 -0.825805 -0.562602 0.100952 -0.975532 -0.153418 0.157481 0.079475 -0.216362 0.542686 -0.811590 -0.009930 
16   -0.263368 -0.918345 -0.295432 0.079448 -0.952336 0.198638 0.231515 -0.035964 -0.153927 0.342324 -0.926888 0.112608 
17   -0.177968 -0.896208 -0.406373 0.100090 -0.943590 0.038242 0.328901 -0.014986 -0.279223 0.441983 -0.852458 0.067965 
18   -0.207266 -0.935055 0.287599 -0.069877 -0.975078 0.173677 -0.138052 0.067477 0.079137 -0.309045 -0.947749 0.312340 
19   -0.216379 -0.922566 0.319456 -0.083338 -0.976073 0.197217 -0.091580 0.046433 0.021487 -0.331629 -0.943165 0.316854 
20   0.190355 -0.516652 -0.834767 0.081038 -0.980111 -0.051421 -0.191673 0.117108 0.056104 0.854650 -0.516165 -0.127241 
21   -0.380493 0.701105 -0.603056 -0.122026 -0.917028 -0.201766 0.344020 0.050544 0.119518 0.683917 0.719704 -0.304278 
22   -0.185702 -0.413764 -0.891243 -0.012539 -0.982465 0.062817 0.175547 0.063647 -0.016650 0.908214 -0.418174 -0.128893 
23   -0.177116 -0.959167 0.220518 -0.179444 -0.971405 0.206368 0.117404 0.068741 -0.158118 -0.193418 -0.968291 -0.002972 
24   -0.142543 -0.786366 -0.601090 0.090961 -0.391872 0.602504 -0.695288 0.078671 0.908910 0.136442 -0.394038 0.039654 
25   -0.622551 -0.770077 -0.139327 -0.007619 -0.706142 0.476027 0.524178 -0.108363 -0.337334 0.424712 -0.840134 0.003449 
26   -0.449015 0.770094 -0.453145 -0.190787 -0.884226 -0.309988 0.349360 0.028591 0.128571 0.557551 0.820126 -0.259968 
27   -0.354361 0.019067 -0.934914 -0.060015 -0.927024 0.124019 0.353900 -0.001970 0.122695 0.992097 -0.026272 -0.150727 
28   -0.385512 -0.690915 -0.611569 -0.095230 -0.845755 0.529579 -0.065153 0.059361 0.368889 0.492121 -0.788504 -0.001413 
7
0   0.211406 -0.973967 -0.081829 0.175744 0.923642 0.226460 -0.309194 -0.125331 -0.319676 0.010215 -0.947472 -0.305236 
1   -0.739717 -0.026580 0.672393 0.128343 -0.047630 -0.994645 -0.091717 0.264783 -0.671230 0.099871 -0.734490 -0.270254 
2   -0.036338 -0.195571 -0.980016 -0.375386 -0.847118 0.526281 -0.073613 -0.120194 0.530160 0.827515 -0.184796 -0.224553 
3   0.994970 0.099265 0.013483 -0.021779 -0.072129 0.616485 0.784056 0.019608 0.069517 -0.781084 0.620544 0.184689 
4   0.999849 -0.005094 -0.016634 0.004550 0.014136 0.795219 0.606157 -0.024147 0.010140 -0.606301 0.795171 0.138771 
5   0.998834 0.018620 -0.044535 -0.004008 0.037585 0.278933 0.959575 0.117072 0.030290 -0.960130 0.277908 0.212789 
6   0.822074 -0.113268 0.558001 0.089772 -0.549291 0.100265 0.829594 0.181443 -0.149915 -0.988492 0.020208 0.206236 
7   0.986061 0.119485 -0.115785 -0.033009 0.086122 0.228882 0.969637 0.131618 0.142358 -0.966093 0.215401 0.213727 
8   0.729939 0.032229 0.682752 0.084827 -0.124806 0.988379 0.086775 -0.032137 -0.672021 -0.148552 0.725479 0.167013 
9   0.968227 -0.246872 -0.039875 0.013505 0.196748 0.653602 0.730818 0.073463 -0.154356 -0.715443 0.681407 0.202399 
10   0.956312 -0.064912 0.285049 0.025957 -0.002627 0.973090 0.230408 -0.049970 -0.292335 -0.221091 0.930408 0.125010 
11   0.897890 0.005418 -0.440186 -0.065597 0.438005 0.089159 0.894540 0.140929 0.044094 -0.996003 0.077682 0.129648 
12   0.997513 -0.023192 0.066556 -0.005186 -0.010142 0.887255 0.461168 0.050552 -0.069748 -0.460696 0.884813 0.196834 
13   0.997886 -0.064066 0.010881 0.017617 0.045953 0.814074 0.578940 -0.028156 -0.045948 -0.577217 0.815297 0.129585 
14   0.999730 0.023154 -0.001708 -0.002022 -0.021415 0.948064 0.317358 -0.035619 0.008967 -0.317236 0.948304 0.052776 
15   0.995642 0.067717 0.064116 -0.022384 -0.059589 0.990844 -0.121153 0.026293 -0.071733 0.116805 0.990561 -0.049632 
16   0.938604 -0.341951 0.045737 0.090282 0.332141 0.931506 0.148254 0.004761 -0.093300 -0.123960 0.987891 -0.009798 
17   0.865720 0.274784 -0.418357 0.029927 -0.265261 0.960677 0.082075 0.013960 0.424459 0.039920 0.904567 -0.036630 
18   0.743546 -0.059805 -0.666005 0.192673 0.186760 0.974931 0.120958 -0.000558 0.642075 -0.214321 0.736075 0.081585 
19   0.698378 -0.264745 -0.664965 0.246740 -0.010084 0.925342 -0.379000 0.171678 0.715658 0.271391 0.643569 -0.017904 
20   0.937064 0.047152 -0.345958 0.049811 -0.074120 0.995120 -0.065133 0.017736 0.341198 0.086676 0.935987 -0.057647 
21   0.980025 0.189971 -0.058834 -0.021156 -0.184199 0.978613 0.091585 0.000081 0.074974 -0.078918 0.994058 -0.029458 
22   0.959684 0.200456 -0.197037 0.001459 -0.180939 0.977016 0.112694 -0.003114 0.215099 -0.072499 0.973898 -0.033124 
23   0.981211 0.071977 -0.179008 0.001032 -0.134036 0.921658 -0.364115 0.074079 0.138776 0.381268 0.913989 -0.032214 
24   0.892388 0.057169 0.447634 -0.082652 0.152561 0.895318 -0.418485 0.099209 -0.424700 0.441743 0.790249 -0.104282 
25   0.974431 -0.006399 -0.224597 0.039171 -0.052848 0.965024 -0.256781 0.051441 0.218385 0.262085 0.940010 -0.067612 
26   0.999171 -0.031913 -0.025295 0.013654 0.034109 0.995197 0.091760 -0.005049 0.022245 -0.092546 0.995460 -0.034655 
27   0.995613 -0.038766 -0.085161 0.023635 0.044435 0.996849 0.065715 -0.000226 0.082345 -0.069211 0.994198 -0.033174 
28   0.971685 -0.165276 0.168858 -0.015604 0.216740 0.908043 -0.358442 0.079407 -0.094088 0.384891 0.918154 -0.041004 
8
0   0.227805 -0.972945 0.038503 0.205220 0.963601 0.219582 -0.152500 -0.086029 -0.139920 -0.071842 -0.987553 -0.297148 
1   -0.708176 -0.002470 0.706032 0.128241 -0.028416 -0.999084 -0.031997 0.277400 -0.705464 0.042723 -0.707457 -0.249909 
2   -0.058794 -0.284358 -0.956914 -0.359738 -0.921928 0.383113 -0.057202 -0.099283 0.382872 0.878843 -0.284682 -0.275771 
3   0.994588 0.102754 0.015372 -0.022573 -0.076393 0.622961 0.778514 0.017635 0.070419 -0.775475 0.627439 0.183558 
4   0.999607 -0.011474 -0.025592 0.006294 0.024957 0.780226 0.624999 -0.020775 0.012797 -0.625392 0.780206 0.144385 
5   0.998892 0.018354 -0.043339 -0.003856 0.036531 0.278263 0.959810 0.117289 0.029676 -0.960329 0.277285 0.212797 
6   0.821279 -0.113238 0.559176 0.089901 -0.550526 0.099941 0.828814 0.181500 -0.149738 -0.988529 0.019739 0.206187 
7   0.985948 0.119242 -0.116996 -0.033086 0.087103 0.230666 0.969127 0.131340 0.142548 -0.965699 0.217038 0.213848 
8   0.729985 0.032163 0.682706 0.084826 -0.124843 0.988361 0.086925 -0.032115 -0.671965 -0.148685 0.725504 0.167024 
9   0.968224 -0.246877 -0.039918 0.013500 0.196781 0.653583 0.730826 0.073463 -0.154334 -0.715459 0.681395 0.202395 
10   0.956539 -0.064652 0.284346 0.025861 -0.002462 0.973287 0.229579 -0.050071 -0.291593 -0.220301 0.930828 0.125008 
11   0.898156 0.005447 -0.439642 -0.065527 0.437459 0.089212 0.894802 0.140930 0.044095 -0.995998 0.077743 0.129653 
12   0.997514 -0.023230 0.066533 -0.005188 -0.010098 0.887249 0.461181 0.050556 -0.069745 -0.460706 0.884808 0.196833 
13   0.996715 0.038386 -0.071320 -0.003659 0.004013 0.856074 0.516837 -0.034303 0.080895 -0.515425 0.853108 0.113576 
14   0.998493 -0.005528 0.054599 -0.004174 -0.013495 0.939631 0.341924 -0.038159 -0.053193 -0.342145 0.938140 0.062878 
15   0.996802 0.070170 0.038240 -0.018912 -0.065927 0.992519 -0.102761 0.023291 -0.045165 0.099912 0.993971 -0.048387 
16   0.942351 -0.325173 -0.078970 0.113370 0.280813 0.896817 -0.341853 0.117629 0.181983 0.299970 0.936430 -0.116744 
17   0.902841 0.246188 -0.352518 0.020355 -0.314221 0.937409 -0.150100 0.062073 0.293500 0.246285 0.923689 -0.099614 
18   0.990400 -0.006268 -0.138088 0.038116 -0.081516 0.780300 -0.620070 0.231150 0.111637 0.625374 0.772298 -0.170841 
19   0.979709 0.002580 -0.200408 0.055598 -0.167436 0.560124 -0.811311 0.350460 0.110160 0.828405 0.549191 -0.153740 
20   0.928519 0.040830 -0.369034 0.054949 -0.070129 0.995330 -0.066327 0.017614 0.364603 0.087466 0.927046 -0.057413 
21   0.980396 0.190106 -0.051793 -0.022320 -0.184919 0.978508 0.091253 0.000124 0.068028 -0.079887 0.994480 -0.029140 
22   0.959640 0.200466 -0.197243 0.001499 -0.180477 0.976862 0.114757 -0.003478 0.215684 -0.074528 0.973615 -0.032976 
23   0.981018 0.071929 -0.180084 0.001222 -0.134766 0.920637 -0.366422 0.074506 0.139435 0.383736 0.912855 -0.032053 
24   0.975344 -0.143936 -0.167291 0.054031 0.212567 0.816482 0.536818 -0.030625 0.059323 -0.559142 0.826947 0.135105 
25   0.974843 -0.004147 -0.222855 0.038807 0.129553 0.824141 0.551369 -0.038460 0.181378 -0.566370 0.803945 0.145902 
26   0.918107 -0.256813 -0.301871 0.091248 0.180660 -0.406752 0.895497 0.100722 -0.352762 -0.876698 -0.327046 0.356055 
27   0.811761 -0.572943 0.113050 0.039173 0.268668 0.538271 0.798800 0.059951 -0.518519 -0.618062 0.590879 0.182694 
28   0.487836 0.139344 0.861742 -0.117171 0.618429 0.641545 -0.453834 0.277958 -0.616086 0.754323 0.226794 0.200886 
##############################################################################
# WEIGHTS: Num_of_Vertices Num_of_Bones
7207 29
7098   0 0.610541  1 0.382093  2 0.003844  5 0.003522  
7099   0 0.608413  1 0.384131  2 0.003824  5 0.003633  
7101   0 0.602831  1 0.387856  2 0.004642  5 0.004671  
7102   0 0.806227  1 0.183443  2 0.008018  5 0.002312  
7103   0 0.806353  1 0.183448  2 0.007940  5 0.002259  
7104   0 0.601633  1 0.390038  2 0.004080  5 0.004250  
7106   0 0.587278  1 0.402498  2 0.004829  5 0.005395  
7107   0 0.590504  1 0.399458  2 0.004741  5 0.005297  
7110   0 0.711503  1 0.253637  2 0.020283  5 0.014577  
7111   0 0.715065  1 0.254564  2 0.018119  5 0.012253  
7112   0 0.595066  1 0.394912  2 0.004778  5 0.005244  
7115   0 0.590321  1 0.398886  2 0.005139  5 0.005653  
7116   0 0.711209  1 0.258593  2 0.017856  5 0.012342  
7117   0 0.761813  1 0.215131  2 0.014109  5 0.008947  
7118   0 0.694658  1 0.274827  2 0.017615  5 0.012900  
7119   0 0.805590  1 0.183958  2 0.008051  5 0.002401  
7122   0 0.596306  1 0.393187  2 0.005120  5 0.005387  
7123   0 0.590808  1 0.397816  2 0.005369  5 0.006007  
7124   0 0.687509  1 0.282679  2 0.017073  5 0.012738  
7125   0 0.728197  1 0.250415  2 0.012873  5 0.008515  
7126   0 0.560935  1 0.148113  2 0.167338  5 0.123613  
7127   0 0.558800  1 0.148778  2 0.169712  5 0.122710  
7128   0 0.306337  1 0.176315  2 0.404643  5 0.112705  
7129   0 0.309128  1 0.176543  2 0.402876  5 0.111454  
7130   0 0.762185  1 0.122638  2 0.061257  5 0.053920  
7131   0 0.759579  1 0.124361  2 0.061964  5 0.054096  
7132   0 0.557038  1 0.149824  2 0.169073  5 0.124065  
7133   0 0.315573  1 0.177101  2 0.432007  5 0.075318  
7134   0 0.315457  1 0.176299  2 0.403232  5 0.105012  
7135   0 0.564824  1 0.147505  2 0.165959  5 0.121712  
7136   0 0.327129  1 0.200592  2 0.433524  5 0.038755  
7137   0 0.327928  1 0.195732  2 0.430544  5 0.045796  
7138   0 0.561327  1 0.149118  2 0.160623  5 0.128931  
7139   0 0.570312  1 0.146887  2 0.157465  5 0.125335  
7140   0 0.328403  1 0.190310  2 0.428361  5 0.052926  
7141   0 0.560750  1 0.149317  2 0.162076  5 0.127857  
7142   0 0.750978  1 0.135000  2 0.060963  5 0.053060  
7143   0 0.745110  1 0.137161  2 0.063161  5 0.054568  
7144   0 0.574432  1 0.145127  2 0.156523  5 0.123919  
7145   0 0.326833  1 0.198882  2 0.432817  5 0.041467  
7146   0 0.748685  1 0.134941  2 0.062390  5 0.053984  
7147   0 0.748340  1 0.132041  2 0.064398  5 0.055221  
7148   0 0.741223  1 0.135867  2 0.066205  5 0.056705  
7149   0 0.758319  1 0.124201  2 0.062804  5 0.054676  
7150   0 0.332135  1 0.186205  2 0.412959  5 0.068701  
7151   0 0.570548  1 0.146331  2 0.163200  5 0.119920  
7152   0 0.328247  1 0.194342  2 0.429743  5 0.047668  
7153   0 0.574046  1 0.145369  2 0.157730  5 0.122856  
7154   0 0.740832  1 0.133585  2 0.068075  5 0.057507  
7155   0 0.737820  1 0.136124  2 0.068236  5 0.057821  
7156   0 0.072434  1 0.046823  2 0.842007  5 0.038735  
7157   0 0.072784  1 0.046883  2 0.841973  5 0.038361  
7158   0 0.071938  1 0.048162  2 0.841482  5 0.038418  
7159   0 0.073095  1 0.048596  2 0.840028  5 0.038281  
7160   0 0.077471  1 0.050106  2 0.833705  5 0.038718  
7161   0 0.075238  1 0.048364  2 0.837614  5 0.038785  
7162   0 0.026181  1 0.011081  2 0.952216  5 0.010521  
7163   0 0.026199  1 0.011069  2 0.952219  5 0.010513  
7164   0 0.026550  1 0.011178  2 0.951765  5 0.010507  
7165   0 0.026412  1 0.010668  2 0.952917  5 0.010003  
7166   0 0.000865  1 0.000339  2 0.997773  5 0.001023  
7167   0 0.000923  1 0.000375  2 0.997606  5 0.001096  
7168   0 0.026721  1 0.010076  2 0.953976  5 0.009227  
7169   0 0.000903  1 0.000338  2 0.997690  5 0.001070  
7170   0 0.026807  1 0.010167  2 0.953809  5 0.009217  
7171   0 0.001042  1 0.000389  2 0.997661  5 0.000908  
7172   0 0.001087  1 0.000402  2 0.997559  5 0.000951  
7173   0 0.073371  1 0.048619  2 0.840227  5 0.037783  
7174   0 0.027166  1 0.010665  2 0.952637  5 0.009532  
7175   0 0.001001  1 0.000403  2 0.997457  5 0.001139  
7176   0 0.027197  1 0.011377  2 0.950982  5 0.010445  
7177   0 0.073933  1 0.047443  2 0.840834  5 0.037790  
7185   0 0.001287  1 0.000503  2 0.997232  5 0.000979  
7188   0 0.001126  1 0.000453  2 0.997307  5 0.001114  
7196   0 0.027630  1 0.011558  2 0.950387  5 0.010425  
7197   0 0.076069  1 0.048734  2 0.837818  5 0.037378  
7198   0 0.027430  1 0.011138  2 0.951513  5 0.009919  
7199   0 0.075124  1 0.048646  2 0.839527  5 0.036704  
7200   0 0.001275  1 0.000512  2 0.997177  5 0.001035  
7201   0 0.001345  1 0.000529  2 0.997065  5 0.001061  
