##############################################################################
# JOINTS: Num_of_Bones Num_of_Joints
32 31
20 21    -0.000704 0.266649 0.314440
21 20    -0.000704 0.266649 0.314440
17 19    0.000576 0.293510 0.237113
19 17    0.000576 0.293510 0.237113
25 26    0.042344 0.018779 0.170946
26 25    0.042344 0.018779 0.170946
23 24    0.047766 0.065158 0.161112
24 23    0.047766 0.065158 0.161112
18 19    -0.000773 0.298918 0.251120
19 18    -0.000773 0.298918 0.251120
18 20    0.001244 0.301119 0.265262
20 18    0.001244 0.301119 0.265262
12 13    -0.047017 0.026234 -0.105655
13 12    -0.047017 0.026234 -0.105655
24 25    0.042934 0.025638 0.162804
25 24    0.042934 0.025638 0.162804
29 30    -0.046482 0.069272 0.161409
30 29    -0.046482 0.069272 0.161409
15 17    -0.000205 0.276378 0.205512
17 15    -0.000205 0.276378 0.205512
30 31    -0.045111 0.027396 0.163539
31 30    -0.045111 0.027396 0.163539
27 29    -0.043862 0.158284 0.163145
29 27    -0.043862 0.158284 0.163145
3 5    0.003574 0.247888 0.007467
5 3    0.003574 0.247888 0.007467
22 23    0.043524 0.155718 0.163273
23 22    0.043524 0.155718 0.163273
11 12    -0.050999 0.103850 -0.114392
12 11    -0.050999 0.103850 -0.114392
5 14    0.000592 0.243293 0.048446
14 5    0.000592 0.243293 0.048446
14 15    0.003371 0.240636 0.092251
15 14    0.003371 0.240636 0.092251
16 22    0.045559 0.179444 0.161146
22 16    0.045559 0.179444 0.161146
0 2    0.003734 0.265358 -0.392897
2 0    0.003734 0.265358 -0.392897
8 11    -0.058348 0.149646 -0.079990
11 8    -0.058348 0.149646 -0.079990
9 10    0.043627 0.088836 -0.123762
10 9    0.043627 0.088836 -0.123762
27 28    -0.047907 0.184036 0.156380
28 27    -0.047907 0.184036 0.156380
3 6    -0.001751 0.304481 -0.066044
6 3    -0.001751 0.304481 -0.066044
7 9    0.051608 0.137048 -0.082242
9 7    0.051608 0.137048 -0.082242
4 6    -0.018677 0.187808 -0.039885
6 4    -0.018677 0.187808 -0.039885
6 8    -0.043245 0.207643 -0.094805
8 6    -0.043245 0.207643 -0.094805
15 16    0.047632 0.228175 0.158166
16 15    0.047632 0.228175 0.158166
15 28    -0.053839 0.229577 0.150481
28 15    -0.053839 0.229577 0.150481
0 1    0.002346 0.266530 -0.300103
1 0    0.002346 0.266530 -0.300103
1 6    -0.010665 0.272185 -0.190970
6 1    -0.010665 0.272185 -0.190970
6 7    0.042287 0.221273 -0.094027
7 6    0.042287 0.221273 -0.094027
##############################################################################
# BONES: Num_of_Frames Num_of_Bones
9 32
0
0   -0.711658 -0.582621 -0.392550 0.057119 -0.639396 0.768659 0.018327 -0.175500 -0.291059 -0.264038 0.919548 0.067512 
1   0.956038 0.262438 -0.130836 -0.094019 -0.243395 0.959011 0.145114 -0.188597 0.163557 -0.106889 0.980726 0.045128 
2   0.402036 0.414232 -0.816565 -0.378150 -0.885060 0.404308 -0.230660 -0.175724 0.234597 0.815443 0.529166 -0.374284 
3   0.993773 0.108578 0.025023 -0.024394 -0.111305 0.956979 0.267961 -0.129627 0.005148 -0.269077 0.963105 0.060376 
4   0.989705 0.114906 -0.085321 -0.021838 -0.104712 0.174969 -0.978990 -0.009784 0.097564 -0.977846 -0.185200 0.179628 
5   0.996737 0.077647 0.022043 -0.016752 -0.074114 0.988596 -0.131088 -0.134766 -0.031970 0.129027 0.991126 -0.037768 
6   0.998902 0.042948 0.018699 -0.004568 -0.045943 0.820427 0.569903 -0.067066 0.009135 -0.570136 0.821499 0.142567 
7   0.981116 -0.117521 -0.153625 0.015611 0.132926 -0.167297 0.976905 0.182384 -0.140508 -0.978877 -0.148516 0.148712 
8   0.977695 0.185723 0.098077 -0.027792 -0.116203 0.089345 0.989199 0.121538 0.174954 -0.978532 0.108934 0.167412 
9   0.900243 0.407728 0.152709 -0.026654 -0.422021 0.730933 0.536317 0.052231 0.107051 -0.547262 0.830087 0.157343 
10   0.974802 0.189278 0.118043 -0.014789 -0.199199 0.500449 0.842538 0.100887 0.100400 -0.844822 0.525543 0.146361 
11   0.892169 0.035074 -0.450339 -0.054316 -0.007441 0.997987 0.062986 -0.081693 0.451641 -0.052844 0.890633 0.107814 
12   0.287423 -0.301866 -0.908991 -0.102567 0.957791 0.095488 0.271143 0.085066 0.004949 -0.948556 0.316570 0.112688 
13   0.922239 -0.358144 0.145631 0.040187 0.161301 0.698753 0.696941 0.076775 -0.351365 -0.619255 0.702186 0.128075 
14   0.968789 -0.242700 -0.050450 0.064732 0.245114 0.968260 0.048910 -0.138729 0.036978 -0.059749 0.997528 0.008457 
15   0.998001 0.049576 0.039195 -0.014022 -0.044574 0.991828 -0.119546 -0.127010 -0.044802 0.117560 0.992055 -0.032183 
16   0.840002 -0.371767 0.395203 0.033221 0.508929 0.287325 -0.811440 0.116922 0.188115 0.882742 0.430557 -0.128789 
17   0.781411 -0.584345 0.218946 0.124268 0.551191 0.810829 0.196838 -0.142521 -0.292549 -0.033131 0.955676 0.015990 
18   0.925412 0.094051 -0.367105 0.063285 0.064391 0.915603 0.396894 -0.222020 0.373451 -0.390929 0.841254 0.146609 
19   0.743788 0.333015 -0.579552 0.044714 -0.167677 0.932288 0.320506 -0.207543 0.647043 -0.141211 0.749263 0.095696 
20   0.610344 -0.040461 -0.791103 0.216730 0.264747 0.951685 0.155581 -0.169055 0.746585 -0.304400 0.591567 0.186239 
21   0.618214 -0.162311 -0.769068 0.242302 0.251696 0.967804 -0.001928 -0.123835 0.744621 -0.192380 0.639164 0.141397 
22   0.940423 0.137056 -0.311160 0.051224 -0.324657 0.633840 -0.702029 0.075247 0.101009 0.761225 0.640573 -0.136691 
23   0.870664 0.034268 -0.490682 0.099578 0.468026 0.249157 0.847864 -0.152419 0.151311 -0.967857 0.200894 0.202202 
24   0.910757 0.254727 -0.325017 0.056629 0.242823 0.306258 0.920458 -0.157063 0.334004 -0.917235 0.217073 0.187521 
25   0.614275 -0.069621 -0.786015 0.152711 0.294521 0.944345 0.146525 -0.049656 0.732068 -0.321505 0.600592 0.092734 
26   0.942663 -0.069775 -0.326371 0.060234 0.054944 0.997003 -0.054453 -0.006146 0.329192 0.033399 0.943672 0.044487 
27   0.741017 0.432572 0.513591 -0.184764 0.378948 0.362025 -0.851667 0.136309 -0.554340 0.825724 0.104345 -0.074230 
28   0.936812 0.347481 -0.040502 -0.073397 -0.273990 0.656795 -0.702531 0.026375 -0.217515 0.669237 0.710499 -0.124930 
29   0.903864 -0.070201 0.422021 -0.083075 -0.401850 0.199142 0.893789 -0.157061 -0.146787 -0.977453 0.151787 0.222001 
30   0.728786 -0.287332 0.621540 -0.108242 -0.586308 0.207036 0.783185 -0.148402 -0.353715 -0.935188 -0.017580 0.237156 
31   0.877608 0.095245 0.469821 -0.087193 -0.134895 0.989527 0.051377 -0.029804 -0.460007 -0.108465 0.881265 0.062730 
1
0   0.719563 -0.643944 -0.259933 0.110404 -0.693027 -0.689663 -0.209946 0.118775 0.044072 -0.331210 0.942527 0.119235 
1   0.970459 0.204915 -0.127358 -0.076967 -0.189222 0.973925 0.125158 -0.224962 0.149684 -0.097361 0.983929 0.070416 
2   0.930052 -0.076163 -0.359448 -0.080142 -0.237128 0.622859 -0.745532 -0.441638 0.280667 0.778618 0.561231 -0.325966 
3   0.993726 0.097419 0.054939 -0.021751 -0.106698 0.678487 0.726823 -0.021476 0.033531 -0.728124 0.684624 0.172356 
4   0.837190 0.358363 0.413145 -0.050457 -0.545489 0.492681 0.678017 0.011995 0.039427 -0.792995 0.607951 0.188318 
5   0.999232 0.030879 -0.024142 -0.004624 -0.008455 0.771221 0.636512 -0.044477 0.038273 -0.635819 0.770889 0.148298 
6   0.999912 0.012982 0.002763 0.000777 -0.010037 0.603306 0.797447 0.006697 0.008685 -0.797404 0.603383 0.188486 
7   0.986488 -0.132329 -0.096595 0.024165 0.091376 -0.044971 0.994800 0.164413 -0.135984 -0.990185 -0.032272 0.177556 
8   0.977082 0.208388 0.043407 -0.036907 -0.071185 0.127707 0.989254 0.120983 0.200606 -0.969673 0.139614 0.188539 
9   0.972007 -0.085182 0.218966 0.044584 -0.045843 0.845291 0.532335 0.012299 -0.230435 -0.527472 0.817724 0.188998 
10   0.925697 -0.082928 -0.369064 -0.026372 0.366860 0.434608 0.822514 0.066691 0.092189 -0.896794 0.432738 0.160080 
11   0.977478 0.168596 -0.126937 -0.044581 -0.116703 0.932975 0.340496 -0.053711 0.175835 -0.318014 0.931638 0.153037 
12   0.563782 -0.095899 -0.820338 -0.117521 0.825921 0.067938 0.559677 0.109282 0.002060 -0.993070 0.117507 0.121443 
13   0.994525 -0.022456 0.102060 -0.001745 -0.036772 0.838976 0.542924 0.046715 -0.097818 -0.543704 0.833557 0.180642 
14   0.979786 -0.197827 0.029733 0.048343 0.119626 0.698516 0.705525 -0.030704 -0.160341 -0.687707 0.708061 0.163541 
15   0.998068 0.062026 0.003490 -0.011886 -0.058798 0.924997 0.375397 -0.053902 0.020057 -0.374877 0.926857 0.066739 
16   0.982549 0.035790 0.182527 -0.033447 -0.021114 0.996431 -0.081726 0.000765 -0.184801 0.076446 0.979798 -0.034854 
17   0.956622 -0.246526 0.155237 0.042182 0.217457 0.958830 0.182638 -0.023781 -0.193871 -0.140958 0.970847 -0.007242 
18   0.929821 -0.115302 -0.349483 0.125544 0.171641 0.975909 0.134687 -0.017312 0.325534 -0.185220 0.927212 0.016165 
19   0.900061 0.257459 -0.351575 0.014540 -0.227970 0.965788 0.123624 -0.011695 0.371375 -0.031120 0.927961 -0.029844 
20   0.736717 -0.087419 -0.670526 0.202578 0.042868 0.995651 -0.082708 0.034603 0.674841 0.032188 0.737261 0.000619 
21   0.730404 -0.082582 -0.678005 0.203636 0.032481 0.995740 -0.086292 0.035699 0.682243 0.041005 0.729975 0.000564 
22   0.968848 0.155071 -0.193099 0.006406 -0.178127 0.978029 -0.108303 0.015900 0.172061 0.139325 0.975184 -0.061627 
23   0.985399 0.050384 -0.162638 0.017014 -0.025937 0.988486 0.149076 -0.034125 0.168276 -0.142681 0.975359 -0.017609 
24   0.983965 0.063740 -0.166585 0.016890 -0.040611 0.989497 0.138728 -0.031611 0.173678 -0.129739 0.976219 -0.018883 
25   0.992005 -0.074716 -0.101702 0.009538 0.038229 0.945947 -0.322061 0.041206 0.120268 0.315599 0.941240 -0.022353 
26   0.995168 -0.039446 -0.089911 0.006724 0.014462 0.964649 -0.263141 0.031795 0.097112 0.260569 0.960559 -0.023652 
27   0.859832 0.035663 0.509329 -0.090324 0.141804 0.941632 -0.305321 0.054779 -0.490489 0.334750 0.804588 -0.090722 
28   0.985423 -0.019166 -0.169039 0.031950 -0.002083 0.992200 -0.124640 0.009646 0.170110 0.123175 0.977697 -0.047195 
29   0.992685 0.057141 -0.106355 0.012591 -0.039603 0.986282 0.160246 -0.035716 0.114053 -0.154862 0.981331 -0.015609 
30   0.996209 0.055000 0.067400 -0.015136 -0.064050 0.988014 0.140450 -0.033408 -0.058867 -0.144234 0.987791 -0.025501 
31   0.988848 -0.062881 0.135005 -0.023296 0.108574 0.924859 -0.364483 0.058698 -0.101942 0.375076 0.921372 -0.030818 
2
0   0.999161 -0.029255 0.028655 0.014239 0.013396 -0.427748 -0.903799 0.175090 -0.038697 -0.903425 0.426997 0.081971 
1   0.524746 0.851174 -0.012021 -0.231522 -0.707955 0.428523 -0.561398 0.051242 -0.472697 0.303102 0.827458 -0.118257 
2   0.986701 -0.140911 0.081030 0.064492 0.035047 -0.302350 -0.952552 0.122585 0.158725 0.942724 -0.293391 -0.691692 
3   0.984774 -0.154646 -0.079405 0.037713 0.147180 0.984767 -0.092589 0.001173 0.092514 0.079492 0.992533 -0.020070 
4   0.982152 0.165492 -0.089382 -0.042785 -0.171707 0.982870 -0.066961 -0.001363 0.076770 0.081113 0.993744 -0.018769 
5   0.999848 -0.014871 0.009111 0.002359 0.014905 0.999882 -0.003696 -0.002747 -0.009055 0.003832 0.999952 -0.001156 
6   0.993694 0.017444 -0.110760 -0.016776 -0.024262 0.997873 -0.060508 -0.001387 0.109469 0.062814 0.992003 -0.014533 
7   0.995962 0.084744 -0.029633 -0.024096 -0.046529 0.769541 0.636900 0.114357 0.076777 -0.632950 0.770376 0.121381 
8   0.809906 0.011499 -0.586447 -0.068623 -0.356600 0.803475 -0.476723 -0.014941 0.465714 0.595228 0.654839 -0.141705 
9   0.976596 -0.141918 0.161618 0.023623 0.021499 0.812066 0.583169 0.099982 -0.214006 -0.566046 0.796111 0.129291 
10   0.993413 0.059618 -0.097855 -0.027126 -0.012034 0.903548 0.428319 0.074159 0.113952 -0.424320 0.898314 0.115037 
11   0.891279 -0.276519 0.359388 0.054883 0.428171 0.774153 -0.466215 0.036078 -0.149304 0.569407 0.808383 -0.161457 
12   0.993931 0.094851 0.055726 -0.013188 -0.054561 0.864894 -0.498980 -0.001739 -0.095526 0.492911 0.864820 -0.144326 
13   0.974302 0.041063 -0.221470 -0.041989 -0.156624 0.830133 -0.535115 -0.009448 0.161877 0.556052 0.815232 -0.139119 
14   0.982231 0.140857 -0.124020 -0.029056 -0.147633 0.987915 -0.047213 0.002382 0.115870 0.064684 0.991156 -0.015720 
15   0.987955 -0.120997 0.096459 0.013340 0.124374 0.991789 -0.029775 -0.001194 -0.092064 0.041413 0.994892 -0.009590 
16   0.962891 -0.053855 0.264464 -0.027366 0.232444 0.663437 -0.711211 0.176532 -0.137153 0.746292 0.651336 -0.113773 
17   0.999268 0.026753 -0.027340 -0.002053 -0.027952 0.998620 -0.044454 -0.000170 0.026113 0.045186 0.998637 -0.011529 
18   0.997919 -0.059332 0.025253 0.010380 0.060535 0.996919 -0.049885 0.001767 -0.022215 0.051310 0.998436 -0.013557 
19   0.998677 0.034270 -0.038327 -0.001643 -0.035840 0.998513 -0.041065 -0.000968 0.036863 0.042384 0.998421 -0.010750 
20   0.999870 0.012201 -0.010555 -0.001663 -0.012566 0.999302 -0.035169 -0.002760 0.010119 0.035297 0.999326 -0.009017 
21   0.999990 0.004555 0.000388 -0.003065 -0.004550 0.999930 -0.010905 -0.010551 -0.000438 0.010903 0.999940 -0.002713 
22   0.954073 0.142481 -0.263522 0.022933 -0.295825 0.586820 -0.753744 0.221327 0.047246 0.797083 0.602019 -0.123196 
23   0.996331 0.074493 -0.042141 -0.004463 -0.084258 0.940149 -0.330183 0.088033 0.015022 0.332522 0.942976 -0.105089 
24   0.995383 0.050493 0.081628 -0.022794 -0.014720 0.920690 -0.390017 0.095621 -0.094847 0.387015 0.917182 -0.099236 
25   0.992527 0.119894 -0.022692 -0.007461 -0.121703 0.986111 -0.113021 0.053470 0.008826 0.114938 0.993333 -0.109138 
26   0.999135 0.030617 -0.028135 -0.005133 -0.036309 0.972163 -0.231473 0.070363 0.020265 0.232295 0.972434 -0.108250 
27   0.930622 -0.131801 -0.341426 0.076329 0.290901 0.832482 0.471541 -0.036693 0.222081 -0.538148 0.813066 0.161913 
28   0.986106 -0.006781 0.165978 -0.023405 -0.067763 0.895834 0.439193 -0.060277 -0.151667 -0.444338 0.882927 0.115694 
29   0.995233 -0.097116 -0.008885 0.019436 0.078878 0.748046 0.658943 -0.063378 -0.057347 -0.656503 0.752141 0.178481 
30   0.994946 -0.087727 0.048854 0.009490 0.035302 0.761069 0.647710 -0.064712 -0.094003 -0.642711 0.760319 0.174709 
31   0.998221 -0.050839 0.031156 0.011521 0.055135 0.985954 -0.157656 0.061720 -0.022703 0.159094 0.987002 0.118900 
3
0   0.253632 -0.488158 -0.835089 -0.125145 0.967224 0.138862 0.212591 0.081490 0.012185 -0.861638 0.507378 0.157001 
1   0.311306 -0.176000 -0.933870 -0.239762 0.699526 0.707599 0.099831 -0.103216 0.643235 -0.684344 0.343397 0.059451 
2   0.136778 -0.872793 -0.468534 0.121380 0.970413 0.023051 0.240350 0.123115 -0.198975 -0.487546 0.850122 0.193179 
3   -0.243576 -0.963724 0.109120 0.162601 0.956338 -0.257386 -0.138456 0.142327 0.161520 0.070631 0.984339 -0.027299 
4   0.222899 -0.884921 0.408939 0.166763 0.804169 -0.070202 -0.590241 0.062556 0.551025 0.460420 0.695978 -0.102115 
5   0.125701 -0.965474 0.228163 0.161032 0.991263 0.131498 0.010322 0.044643 -0.039969 0.224872 0.973568 -0.064136 
6   -0.051342 -0.996501 0.065953 0.168259 0.998650 -0.051753 -0.004547 0.086817 0.007945 0.065631 0.997812 -0.026580 
7   0.201004 -0.245034 0.948449 0.074204 0.942167 0.313418 -0.118700 -0.002286 -0.268175 0.917457 0.293861 -0.269396 
8   0.162088 -0.549323 0.819738 0.156367 0.936428 -0.176337 -0.303328 0.081622 0.311175 0.816792 0.485820 -0.218280 
9   -0.521171 -0.318318 0.791868 0.108622 0.851950 -0.139021 0.504831 0.115639 -0.050611 0.937735 0.343645 -0.279357 
10   0.191665 -0.219932 0.956501 0.089129 0.924544 0.367515 -0.100757 -0.007452 -0.329368 0.903639 0.273777 -0.272768 
11   0.595261 -0.259512 0.760472 0.133448 -0.698330 -0.635249 0.329839 0.105652 -0.397492 0.727401 0.559364 -0.240819 
12   -0.269654 0.120097 0.955439 0.072203 -0.962305 -0.070137 -0.262775 -0.034301 -0.035453 0.990282 -0.134483 -0.329390 
13   0.296256 0.408330 0.863423 0.081534 0.941756 -0.275516 -0.192836 0.067991 0.159146 0.870263 -0.466171 -0.352182 
14   -0.275344 -0.932316 0.234463 0.153055 0.958045 -0.286305 -0.013371 0.147496 0.079594 0.220945 0.972033 -0.062635 
15   -0.000780 -0.238850 0.971056 -0.082528 0.997159 0.072957 0.018746 0.057721 -0.075323 0.968312 0.238115 -0.173223 
16   -0.214828 0.375984 0.901380 -0.201551 0.966843 -0.048606 0.250704 0.050211 0.138073 0.925351 -0.353075 -0.079926 
17   0.020724 0.400804 0.915929 -0.248017 0.927224 -0.350348 0.132330 0.151357 0.373932 0.846530 -0.378896 -0.012678 
18   0.011197 0.732137 0.681065 -0.288248 0.995115 -0.074968 0.064229 0.086344 0.098083 0.677019 -0.729401 0.124288 
19   -0.055752 0.533845 0.843742 -0.269891 0.975140 0.210626 -0.068831 0.034375 -0.214459 0.818930 -0.532317 0.032136 
20   0.025830 0.990648 0.133976 -0.220994 0.999350 -0.028958 0.021453 0.083832 0.025132 0.133334 -0.990752 0.357415 
21   0.011825 0.990029 0.140366 -0.222848 0.999410 -0.016230 0.030273 0.077664 0.032249 0.139925 -0.989637 0.355313 
22   -0.057486 0.079419 0.995182 -0.170620 0.944833 0.326306 0.028537 0.019816 -0.322468 0.941922 -0.093796 -0.103519 
23   0.365310 -0.877203 0.311551 0.071355 0.884544 0.431388 0.177442 -0.018144 -0.290052 0.210760 0.933515 -0.158750 
24   0.162284 -0.412129 0.896557 -0.043583 0.870074 0.488348 0.066993 -0.003262 -0.465441 0.769198 0.437834 -0.106774 
25   0.556137 0.830365 0.034730 0.047819 0.161762 -0.067161 -0.984542 0.212396 -0.815196 0.553158 -0.171672 0.012895 
26   -0.000223 0.941750 0.336315 0.017731 0.849415 0.177660 -0.496922 0.095319 -0.527726 0.285560 -0.799975 0.113141 
27   -0.466693 0.740646 0.483364 -0.237920 0.870655 0.288698 0.398263 -0.054588 0.155426 0.606710 -0.779581 0.064764 
28   -0.012589 0.405300 0.914097 -0.222146 0.971954 0.219656 -0.084007 0.038267 -0.234835 0.887403 -0.396698 -0.066586 
29   -0.172167 -0.783865 0.596586 -0.002279 0.979300 -0.070758 0.189643 0.041104 -0.106441 0.616887 0.779821 -0.202654 
30   -0.325443 -0.156370 0.932542 -0.107082 0.944147 -0.107666 0.311439 0.022379 0.051704 0.981813 0.182675 -0.124276 
31   0.337387 0.923295 0.183565 0.015717 0.923051 -0.362750 0.128022 0.058418 0.184790 0.126246 -0.974636 0.094406 
4
0   0.802852 -0.554456 -0.219105 0.094192 -0.356522 -0.741075 0.568945 0.448457 0.477829 0.378663 0.792650 -0.070089 
1   0.716948 0.684879 -0.130102 -0.209027 -0.286817 0.459888 0.840380 0.208716 0.635391 -0.565193 0.526151 0.100691 
2   0.933566 -0.061038 -0.353169 -0.089901 0.023875 0.993794 -0.108647 -0.279548 0.357609 0.092997 0.929230 0.059824 
3   0.976178 -0.165486 -0.140326 0.044998 0.199411 0.429387 0.880830 0.216556 -0.085511 -0.887829 0.452158 0.201906 
4   0.705902 -0.035786 -0.707405 -0.021702 0.500726 0.731591 0.462653 0.117575 0.500975 -0.680804 0.534350 0.162841 
5   0.999986 -0.004897 -0.002165 0.004043 0.001168 -0.195207 0.980761 0.371762 -0.005225 -0.980750 -0.195199 0.229448 
6   0.999538 -0.028249 -0.011259 0.011120 0.027688 0.692301 0.721078 0.126029 -0.012575 -0.721056 0.692763 0.166305 
7   0.911452 -0.082777 -0.402994 -0.009940 0.078412 0.996546 -0.027352 -0.013683 0.403866 -0.006669 0.914794 0.011474 
8   0.893611 -0.228888 -0.386095 0.012632 0.195990 0.972847 -0.123114 -0.005364 0.403791 0.034346 0.914206 0.048482 
9   0.975743 -0.094562 -0.197443 0.005257 0.131724 0.973965 0.184503 0.004076 0.174856 -0.206035 0.962795 0.054566 
10   0.977801 -0.209510 -0.003273 0.039410 0.203289 0.944750 0.257139 0.012534 -0.050781 -0.252096 0.966369 0.068947 
11   0.924127 -0.108038 0.366492 0.056525 0.074907 0.991805 0.103494 0.002784 -0.374670 -0.068189 0.924647 0.019185 
12   0.994463 0.066166 0.081644 0.009436 -0.084991 0.963322 0.254533 0.014833 -0.061808 -0.260062 0.963612 0.059537 
13   0.985342 -0.038704 0.166142 0.020686 -0.003968 0.968459 0.249141 0.017937 -0.170544 -0.246148 0.954110 0.053056 
14   0.989730 0.135238 0.046306 -0.032295 -0.059669 0.096490 0.993544 0.301180 0.129897 -0.986104 0.103568 0.216363 
15   0.999296 -0.007301 -0.036800 0.010128 0.037344 0.099402 0.994346 0.301436 -0.003602 -0.995021 0.099604 0.220418 
16   0.972481 0.076420 -0.220092 0.021050 0.188291 -0.814149 0.549280 0.574640 -0.137211 -0.575605 -0.806134 0.275319 
17   0.969438 0.179696 0.167031 -0.083486 -0.164446 -0.029299 0.985951 0.338563 0.182065 -0.983286 0.001146 0.237514 
18   0.954342 0.089375 -0.285033 0.047918 0.288778 -0.031948 0.956863 0.345159 0.076414 -0.995486 -0.056299 0.256650 
19   0.886010 0.059721 -0.459803 0.100511 0.452094 0.108892 0.885299 0.321333 0.102940 -0.992258 0.069480 0.224056 
20   0.624352 -0.200264 -0.755036 0.260253 0.770818 0.314593 0.553960 0.347075 0.126591 -0.927861 0.350783 0.128146 
21   0.641461 -0.471031 -0.605523 0.285455 0.754230 0.531500 0.385545 0.342180 0.140231 -0.704016 0.696202 -0.040150 
22   0.961518 -0.039086 0.271948 -0.037037 -0.121866 -0.947801 0.294656 0.655089 0.246236 -0.316458 -0.916091 0.229347 
23   0.986575 0.038710 -0.158658 0.020075 0.098029 -0.917382 0.385746 0.626769 -0.130617 -0.396120 -0.908861 0.257360 
24   0.985047 0.007445 -0.172124 0.024291 0.073441 -0.921893 0.380422 0.629529 -0.155848 -0.387374 -0.908654 0.258136 
25   0.978948 -0.060780 -0.194851 0.029944 0.201241 0.127901 0.971156 0.501188 -0.034105 -0.989923 0.137440 0.098316 
26   0.992657 -0.018883 -0.119479 0.015694 0.119229 -0.013873 0.992770 0.503648 -0.020404 -0.999725 -0.011520 0.123390 
27   0.996984 0.006700 -0.077312 0.015250 0.074692 -0.353112 0.932595 0.409651 -0.021051 -0.935557 -0.352548 0.277829 
28   0.999363 -0.028062 0.022042 0.006134 -0.027199 -0.199165 0.979588 0.368908 -0.023100 -0.979564 -0.199802 0.261409 
29   0.994995 0.049779 0.086645 -0.018435 -0.021366 -0.741052 0.671108 0.509776 0.097615 -0.669600 -0.736279 0.303797 
30   0.989149 0.062808 0.132816 -0.027065 -0.042457 -0.743242 0.667674 0.509587 0.140650 -0.666067 -0.732511 0.305014 
31   0.973766 -0.058328 0.219949 -0.038687 -0.206408 0.180476 0.961678 0.428820 -0.095788 -0.981848 0.163702 0.156449 
5
0   0.997637 0.063697 0.025742 -0.011227 -0.053196 0.953304 -0.297290 -0.031227 -0.043477 0.295218 0.954440 -0.073989 
1   0.953798 0.300255 -0.010750 -0.085070 -0.288364 0.904805 -0.313327 -0.022445 -0.084351 0.301951 0.949584 -0.077641 
2   0.984417 -0.148254 0.094570 0.072107 0.174240 0.894931 -0.410777 -0.061176 -0.023734 0.420854 0.906818 -0.126112 
3   0.995811 -0.075503 -0.051581 0.019444 0.040861 0.872074 -0.487666 -0.058246 0.081803 0.483515 0.871505 -0.145463 
4   0.978883 0.016174 -0.203779 -0.012279 -0.142819 0.767328 -0.625148 -0.041603 0.146254 0.641051 0.753435 -0.190689 
5   0.997116 -0.075041 0.011359 0.018788 0.075755 0.974974 -0.209012 -0.086370 0.004610 0.209270 0.977847 -0.076788 
6   0.999995 0.001517 0.002737 -0.000686 0.000383 0.808726 -0.588185 -0.045194 -0.003105 0.588183 0.808722 -0.181583 
7   0.999534 0.011006 0.028460 -0.000354 0.010871 0.743039 -0.669159 -0.038659 -0.028511 0.669157 0.742574 -0.204608 
8   0.993641 -0.009322 -0.112206 -0.009639 -0.074874 0.689566 -0.720342 -0.036338 0.084088 0.724163 0.684483 -0.217898 
9   0.988846 -0.078400 0.126636 0.020553 0.107387 0.964453 -0.241451 -0.038696 -0.103204 0.252357 0.962115 -0.125426 
10   0.989219 -0.116520 0.088708 0.019229 0.095793 0.973026 0.209865 0.016906 -0.110768 -0.199105 0.973698 -0.083557 
11   0.997064 0.054354 0.053944 -0.005682 -0.024200 0.891972 -0.451443 -0.042116 -0.072654 0.448812 0.890668 -0.169258 
12   0.812230 -0.032607 -0.582425 -0.078873 0.041722 0.999127 0.002249 0.002060 0.581843 -0.026127 0.812881 -0.095460 
13   0.991702 -0.022233 0.126621 0.004208 0.006034 0.991897 0.126905 0.013746 -0.128416 -0.125088 0.983800 -0.108204 
14   0.978995 0.202171 -0.026363 -0.046762 -0.198683 0.917006 -0.345870 -0.066431 -0.045750 0.343843 0.937912 -0.105442 
15   0.997626 -0.065467 0.021383 0.013202 0.067186 0.993377 -0.093210 -0.111252 -0.015140 0.094425 0.995417 -0.048482 
16   0.948294 0.028918 -0.316073 0.047173 0.201915 0.713380 0.671059 -0.176320 0.244886 -0.700181 0.670655 0.173590 
17   0.985588 -0.135812 -0.100850 0.057900 0.087211 0.918784 -0.385007 -0.030769 0.144948 0.370663 0.917387 -0.109807 
18   0.963095 0.075495 -0.258357 0.027066 -0.083284 0.996338 -0.019322 -0.143362 0.255952 0.040126 0.965856 -0.029206 
19   0.546380 0.126571 -0.827918 0.154021 -0.515742 0.829712 -0.213516 -0.045031 0.659909 0.543653 0.518616 -0.066713 
20   0.617621 0.113852 -0.778191 0.153984 -0.116897 0.991765 0.052322 -0.160830 0.777740 0.058653 0.625844 0.054669 
21   0.650945 -0.092084 -0.753519 0.201168 -0.150488 0.957263 -0.246985 -0.057536 0.744059 0.274169 0.609268 0.002385 
22   0.974021 -0.089949 0.207826 -0.017053 -0.142388 0.470361 0.870911 -0.149834 -0.176091 -0.877878 0.445334 0.262450 
23   0.985491 -0.032859 -0.166518 0.034763 0.166651 0.373322 0.912611 -0.155380 0.032178 -0.927120 0.373381 0.273743 
24   0.978093 -0.063887 -0.198121 0.042197 0.207078 0.395846 0.894665 -0.156083 0.021268 -0.916092 0.400404 0.269663 
25   0.833850 -0.234970 -0.499483 0.101734 0.286076 0.957827 0.026997 -0.032855 0.472075 -0.165401 0.865903 0.155560 
26   0.986237 0.079172 -0.145153 0.028812 -0.056966 0.986858 0.151218 -0.040113 0.155217 -0.140868 0.977785 0.149409 
27   0.961400 -0.036622 -0.272708 0.049512 0.231053 0.645643 0.727846 -0.155995 0.149416 -0.762760 0.629183 0.208985 
28   0.979944 0.022500 0.198000 -0.034305 -0.147197 0.751494 0.643110 -0.179204 -0.134325 -0.659356 0.739734 0.157852 
29   0.996293 -0.011512 0.085254 -0.011352 -0.073958 0.391593 0.917161 -0.160476 -0.043943 -0.920066 0.389290 0.265511 
30   0.971744 0.013385 0.235659 -0.038474 -0.224826 0.356551 0.906821 -0.163598 -0.071886 -0.934180 0.349485 0.272234 
31   0.968208 -0.249427 0.018936 0.004013 0.233931 0.929664 0.284607 -0.056865 -0.088593 -0.271129 0.958457 0.153786 
6
0   -0.822422 -0.138030 0.551878 0.092306 -0.112195 0.990419 0.080517 -0.116997 -0.557704 0.004301 -0.830029 -0.486503 
1   0.214738 0.115834 0.969778 0.147901 -0.262805 0.963173 -0.056853 -0.150602 -0.940650 -0.242654 0.237271 -0.099387 
2   -0.662719 0.748864 -0.002423 -0.361418 0.708353 0.627911 0.322434 0.071179 0.242981 0.211967 -0.946589 -0.590385 
3   0.713984 0.637360 -0.289824 -0.195788 -0.676425 0.734778 -0.050508 -0.103034 0.180765 0.232106 0.955746 -0.080769 
4   0.709332 0.649785 -0.273180 -0.205994 -0.494008 0.181829 -0.850232 -0.014430 0.502796 -0.738050 -0.449976 0.070697 
5   0.404572 0.165823 -0.899346 -0.072672 -0.497689 0.864961 -0.064403 -0.135764 0.767220 0.473651 0.432468 -0.139028 
6   0.630889 0.774028 -0.053471 -0.221830 -0.774394 0.623938 -0.104951 -0.072598 -0.047873 0.107620 0.993039 -0.040889 
7   0.178855 0.957638 -0.225698 -0.258452 -0.628182 0.287703 0.722920 0.073747 0.757230 0.012482 0.653029 -0.086046 
8   0.285579 0.931788 -0.224088 -0.285210 -0.889975 0.171111 -0.422688 -0.013673 -0.355511 0.320143 0.878134 -0.109218 
9   0.419306 0.427433 -0.800927 -0.245627 -0.906863 0.238224 -0.347633 0.006723 0.042210 0.872096 0.487512 -0.179703 
10   -0.110389 0.956206 -0.271079 -0.203954 -0.867054 0.040673 0.496552 0.127019 0.485832 0.289853 0.824592 -0.105616 
11   0.547210 -0.720508 0.425946 0.029074 -0.834471 -0.509127 0.210826 0.141931 -0.064958 0.470806 0.879842 -0.114119 
12   0.065702 0.760854 0.645588 -0.124517 -0.776923 0.444999 -0.445383 -0.029537 -0.626158 -0.472310 0.620363 -0.074244 
13   0.552591 0.781516 -0.289614 -0.200995 -0.831711 0.494624 -0.252196 -0.013010 -0.053845 0.380237 0.923320 -0.037686 
14   0.320467 0.164531 -0.932861 -0.069921 -0.752814 0.641976 -0.145388 -0.077246 0.574953 0.748864 0.329594 -0.201156 
15   -0.024135 -0.290603 -0.956539 0.043554 -0.995408 -0.081667 0.049926 0.079601 -0.092627 0.953352 -0.287297 -0.190818 
16   0.163348 -0.772619 -0.613496 0.090627 -0.986524 -0.133832 -0.094126 0.113931 -0.009382 0.620604 -0.784068 -0.040542 
17   -0.216112 -0.872769 -0.437688 0.097950 -0.963785 0.118952 0.238681 -0.014681 -0.156250 0.473419 -0.866868 0.061032 
18   -0.329922 -0.936588 -0.118129 0.039082 -0.942849 0.320727 0.090383 -0.039126 -0.046765 0.141197 -0.988876 0.188513 
19   -0.128863 -0.965316 -0.227069 0.075153 -0.984220 0.096496 0.148325 0.013332 -0.121270 0.242599 -0.962517 0.151482 
20   -0.210264 -0.936995 0.278979 -0.066265 -0.977040 0.191365 -0.093656 0.048686 0.034369 -0.292266 -0.955719 0.310140 
21   -0.208563 -0.935437 0.285411 -0.068703 -0.977365 0.188766 -0.095525 0.049967 0.035482 -0.298873 -0.953633 0.311249 
22   0.011431 -0.579381 -0.814977 0.095357 -0.974699 -0.188407 0.120270 0.088647 -0.223229 0.792982 -0.566875 -0.096760 
23   -0.230529 0.721315 -0.653116 -0.123011 -0.972589 -0.191798 0.131468 0.087241 -0.030437 0.665521 0.745759 -0.299554 
24   -0.203799 -0.332380 -0.920864 -0.012528 -0.978918 0.056070 0.196409 0.060921 -0.013650 0.941478 -0.336799 -0.143811 
25   -0.049390 -0.895126 0.443069 -0.226612 -0.994275 0.086150 0.063212 0.082503 -0.094753 -0.437411 -0.894256 -0.014296 
26   -0.143254 -0.978506 0.148340 -0.170682 -0.981402 0.159802 0.106363 0.073196 -0.127782 -0.130345 -0.983200 -0.003473 
27   -0.131697 -0.776442 -0.616274 0.093186 -0.508581 0.586555 -0.630316 0.061838 0.850883 0.230414 -0.472131 0.034927 
28   -0.643504 -0.700520 -0.308502 0.006684 -0.759385 0.533663 0.372207 -0.097337 -0.096103 0.473788 -0.875379 0.007712 
29   -0.537879 0.778710 -0.322951 -0.218631 -0.794811 -0.340739 0.502167 0.011296 0.281000 0.526790 0.802204 -0.244877 
30   -0.310685 0.162491 0.936521 -0.368666 -0.944881 0.054301 -0.322880 0.110133 0.103319 0.985215 -0.136664 -0.133280 
31   -0.346815 -0.686629 -0.638952 -0.089383 -0.876893 0.479109 -0.038893 0.055118 0.332832 0.546804 -0.768263 -0.007629 
7
0   0.614644 -0.754796 -0.229120 0.064889 -0.788789 -0.586340 -0.184437 0.130589 0.004870 0.294091 -0.955765 -0.383457 
1   -0.868718 -0.111998 0.482479 0.110543 0.098426 -0.993708 -0.053452 0.276407 -0.485430 -0.001054 -0.874275 -0.279119 
2   0.003764 -0.260381 -0.965499 -0.353344 -0.917306 0.383534 -0.107010 -0.095873 0.398165 0.886060 -0.237405 -0.259767 
3   0.999777 0.009376 0.018919 -0.000051 -0.021011 0.530516 0.847415 0.038550 -0.002092 -0.847623 0.530594 0.198084 
4   0.865482 0.174318 0.469631 -0.014947 -0.500660 0.269689 0.822561 0.101429 0.016733 -0.947038 0.320685 0.213847 
5   0.997972 0.063359 0.006052 -0.013351 -0.055408 0.818054 0.572466 -0.030416 0.031320 -0.571641 0.819906 0.127639 
6   0.998734 -0.012356 -0.048758 0.002044 0.050070 0.336618 0.940309 0.103930 0.004794 -0.941560 0.336810 0.213068 
7   0.881045 -0.236672 -0.409567 0.022445 0.440241 0.093503 0.892998 0.136681 -0.173052 -0.967080 0.186573 0.211117 
8   0.972451 0.230176 -0.036863 -0.047920 -0.017878 0.231314 0.972715 0.125910 0.232422 -0.945258 0.229057 0.212692 
9   0.932844 0.279734 0.227047 0.001763 -0.360093 0.744190 0.562595 0.062336 -0.011589 -0.606572 0.794944 0.203428 
10   0.965241 -0.260127 -0.025366 0.017057 0.186917 0.619216 0.762649 0.074352 -0.182679 -0.740881 0.646315 0.204379 
11   0.996164 0.081502 -0.031849 -0.023907 -0.073646 0.977463 0.197845 -0.050775 0.047256 -0.194741 0.979716 0.149721 
12   0.873194 -0.044650 -0.485324 -0.068942 0.483765 0.200353 0.851957 0.133161 0.059196 -0.978706 0.196547 0.142422 
13   0.996168 -0.032144 0.081333 -0.003622 -0.010582 0.878864 0.476954 0.052489 -0.086812 -0.475988 0.875157 0.194088 
14   0.977801 -0.209425 0.006778 0.052991 0.156982 0.753603 0.638310 -0.018054 -0.138785 -0.623076 0.769750 0.142686 
15   0.998069 0.061830 0.005946 -0.012311 -0.060508 0.946143 0.318044 -0.033470 0.014039 -0.317790 0.948057 0.052046 
16   0.981592 0.027460 0.189005 -0.032605 -0.001907 0.990970 -0.134068 0.025592 -0.190980 0.131240 0.972781 -0.044521 
17   0.957048 -0.249071 0.148399 0.044328 0.237484 0.967069 0.091541 0.007341 -0.166312 -0.052367 0.984682 -0.028895 
18   0.881060 0.019038 -0.472620 0.116971 0.099052 0.969609 0.223711 -0.025967 0.462516 -0.243917 0.852399 0.061097 
19   0.932702 0.242390 -0.267046 -0.001389 -0.222517 0.969494 0.102802 0.004203 0.283818 -0.036461 0.958185 -0.027579 
20   0.745056 -0.070615 -0.663254 0.194726 0.174336 0.980430 0.091454 0.005782 0.643816 -0.183768 0.742786 0.071808 
21   0.705561 -0.123320 -0.697836 0.219627 0.134412 0.990155 -0.039078 0.044206 0.695785 -0.066225 0.715191 0.049177 
22   0.966087 0.170599 -0.193835 0.004230 -0.206074 0.961716 -0.180655 0.048081 0.155595 0.214473 0.964257 -0.073811 
23   0.967434 0.188505 -0.168931 -0.002645 -0.171736 0.979090 0.109040 -0.003142 0.185954 -0.076477 0.979578 -0.032345 
24   0.966563 0.207384 -0.150827 -0.006676 -0.195030 0.976406 0.092703 0.000989 0.166493 -0.060187 0.984204 -0.033242 
25   0.979830 0.068989 -0.187545 0.002297 -0.131995 0.928075 -0.348216 0.071363 0.150033 0.365948 0.918462 -0.032789 
26   0.984632 0.092232 -0.148298 -0.005052 -0.134817 0.941210 -0.309755 0.064665 0.111011 0.324988 0.939180 -0.033914 
27   0.864121 0.037501 0.501885 -0.089443 0.172324 0.914896 -0.365060 0.087423 -0.472863 0.401943 0.784119 -0.099867 
28   0.984531 -0.019259 -0.174151 0.032583 -0.013552 0.982593 -0.185275 0.037187 0.174688 0.184769 0.967132 -0.057528 
29   0.984787 -0.027910 -0.171508 0.036063 0.043676 0.995087 0.088850 -0.004426 0.168186 -0.094989 0.981168 -0.025275 
30   0.999112 -0.042038 0.002868 0.009532 0.041855 0.982331 -0.182410 0.040550 -0.004851 -0.182368 -0.983218 0.289756 
31   0.975722 -0.131471 0.175160 -0.017249 0.187038 0.916299 -0.354138 0.076988 -0.113940 0.378302 0.918643 -0.041550 
8
0   0.663822 -0.740469 -0.105103 0.092412 -0.746373 -0.664850 -0.030048 0.188080 -0.047628 0.098392 -0.994007 -0.345691 
1   -0.835953 -0.112530 0.537140 0.121284 0.160254 -0.986147 0.042807 0.293457 -0.524882 -0.121863 -0.842406 -0.240353 
2   -0.003777 -0.353642 -0.935373 -0.333950 -0.964223 0.249228 -0.090334 -0.077350 0.265067 0.901567 -0.341931 -0.303787 
3   0.999839 0.006242 0.016846 0.000672 -0.017588 0.531249 0.847033 0.038392 -0.003662 -0.847193 0.531273 0.198086 
4   0.860855 0.163933 0.481721 -0.012481 -0.508482 0.241111 0.826627 0.106996 0.019363 -0.956552 0.290918 0.214582 
5   0.999915 -0.012400 0.004108 0.005374 0.007176 0.784177 0.620496 -0.022595 -0.010916 -0.620413 0.784199 0.140183 
6   0.998765 -0.013976 -0.047669 0.002511 0.049593 0.335778 0.940635 0.104278 0.002860 -0.941838 0.336056 0.213154 
7   0.871287 -0.240296 -0.427921 0.021939 0.459956 0.095710 0.882768 0.134508 -0.171170 -0.965970 0.193917 0.211484 
8   0.972240 0.228452 -0.050590 -0.048833 -0.003705 0.231211 0.972897 0.126726 0.233957 -0.945701 0.225639 0.212689 
9   0.932781 0.279478 0.227622 0.001852 -0.360229 0.744604 0.561961 0.062221 -0.012432 -0.606183 0.795228 0.203453 
10   0.965217 -0.260213 -0.025409 0.017052 0.186981 0.619097 0.762730 0.074364 -0.182742 -0.740951 0.646218 0.204364 
11   0.997408 0.069745 -0.017675 -0.021001 -0.064915 0.978256 0.196979 -0.050498 0.031029 -0.195321 0.980248 0.149016 
12   0.873043 -0.044696 -0.485591 -0.068976 0.484025 0.200517 0.851771 0.133149 0.059299 -0.978670 0.196693 0.142442 
13   0.996178 -0.032123 0.081225 -0.003634 -0.010550 0.878861 0.476961 0.052491 -0.086707 -0.475995 0.875163 0.194095 
14   0.996782 0.037132 -0.071043 -0.003029 0.004011 0.862032 0.506839 -0.036138 0.080062 -0.505493 0.859108 0.108327 
15   0.996718 -0.049335 0.064180 0.005309 0.023660 0.935751 0.351867 -0.039813 -0.077416 -0.349194 0.933847 0.064049 
16   0.979750 0.060233 0.190952 -0.038907 -0.040507 0.993586 -0.105575 0.022695 -0.196086 0.095702 0.975905 -0.038458 
17   0.999043 -0.043519 -0.004460 0.017808 0.041510 0.975207 -0.217366 0.066216 0.013809 0.216972 0.976080 -0.101277 
18   0.967960 0.125803 -0.217318 0.020457 -0.162128 0.973988 -0.158309 0.049637 0.191749 0.188470 0.963178 -0.089430 
19   0.996363 0.061626 -0.058848 -0.000144 -0.078477 0.932724 -0.351947 0.110664 0.033200 0.355285 0.934168 -0.132040 
20   0.985011 -0.009264 -0.172240 0.049163 -0.090210 0.823440 -0.560186 0.201590 0.147019 0.567328 0.810262 -0.162899 
21   0.971913 -0.136925 -0.191405 0.089221 -0.150418 0.264074 -0.952701 0.474129 0.180994 0.954734 0.236062 -0.085626 
22   0.967328 0.157886 -0.198363 0.006943 -0.193832 0.964893 -0.177233 0.046648 0.163416 0.209892 0.963971 -0.073367 
23   0.965865 0.189293 -0.176841 -0.001372 -0.171778 0.979005 0.109730 -0.003180 0.193899 -0.075607 0.978104 -0.032555 
24   0.968513 0.201567 -0.146130 -0.007194 -0.191412 0.978191 0.080650 0.002649 0.159199 -0.050140 0.985972 -0.033837 
25   0.975396 0.078442 -0.206033 0.005438 -0.137912 0.946222 -0.292650 0.062005 0.171997 0.313864 0.933759 -0.035255 
26   0.985100 0.088782 -0.147297 -0.005208 -0.133583 0.934421 -0.330170 0.068461 0.108324 0.344927 0.932358 -0.032907 
27   0.914652 -0.136248 -0.380590 0.085287 0.330600 0.793913 0.510300 -0.018067 0.232628 -0.592570 0.771197 0.157708 
28   0.994867 -0.034941 -0.094972 0.025838 0.080214 0.844452 0.529591 -0.042466 0.061695 -0.534490 0.842920 0.127688 
29   0.969327 -0.245775 0.000093 0.042863 -0.106444 -0.419473 0.901505 0.090899 -0.221528 -0.873863 -0.432768 0.378525 
30   0.231751 -0.536808 0.811251 -0.102384 0.872058 0.484185 0.071265 0.207941 0.431052 -0.690943 -0.580338 0.419786 
31   0.466197 0.123087 0.876077 -0.120479 0.564233 0.721358 -0.401601 0.264878 -0.681397 0.681537 0.266845 0.193453 
##############################################################################
# WEIGHTS: Num_of_Vertices Num_of_Bones
7207 32
0   0 0.010848  1 0.032556  6 0.893889  7 0.062706  
1   0 0.006691  1 0.020304  6 0.947667  7 0.025338  
2   0 0.008721  1 0.020460  6 0.945389  7 0.025431  
3   0 0.019490  3 0.031134  6 0.832309  7 0.117067  
4   0 0.003856  3 0.007503  6 0.965899  7 0.022742  
5   0 0.004624  3 0.013998  6 0.934722  7 0.046656  
6   0 0.014125  3 0.030950  6 0.820224  7 0.134701  
7   0 0.022749  1 0.042146  6 0.837273  7 0.097833  
8   0 0.011908  1 0.024772  6 0.922806  7 0.040513  
9   0 0.013059  1 0.018555  6 0.927285  7 0.041101  
10   0 0.030664  1 0.027634  6 0.816378  7 0.125324  
11   0 0.007434  3 0.042011  6 0.722969  7 0.227586  
12   0 0.003541  3 0.019935  6 0.908825  7 0.067700  
13   3 0.083444  4 0.010637  6 0.650386  7 0.255533  
14   3 0.076746  4 0.008651  6 0.313937  7 0.600667  
15   3 0.140335  4 0.025394  6 0.171585  7 0.662686  
16   3 0.159265  4 0.026297  6 0.212742  7 0.601696  
17   3 0.164264  4 0.035926  6 0.183187  7 0.616623  
18   3 0.139595  4 0.032890  6 0.164411  7 0.663103  
19   1 0.034164  6 0.814489  7 0.095544  8 0.055803  
20   3 0.022476  6 0.794716  7 0.094836  8 0.087972  
21   3 0.022615  6 0.806963  7 0.072710  8 0.097712  
22   1 0.027877  6 0.845420  7 0.066599  8 0.060104  
23   3 0.102352  6 0.791142  7 0.071274  8 0.035232  
24   3 0.156757  4 0.002887  6 0.837024  8 0.003332  
25   3 0.041963  6 0.795021  7 0.074931  8 0.088085  
26   3 0.034627  6 0.774307  7 0.109354  8 0.081712  
27   3 0.055834  4 0.392994  6 0.156614  7 0.394558  
28   3 0.168824  4 0.610017  6 0.088543  7 0.132615  
29   3 0.143368  4 0.578376  6 0.153621  7 0.124634  
30   3 0.051569  4 0.361222  6 0.203361  7 0.383848  
31   3 0.050627  4 0.343527  6 0.238777  7 0.367069  
32   3 0.082148  4 0.530583  6 0.266085  7 0.121184  
33   3 0.164230  4 0.007565  6 0.827258  7 0.000947  
34   3 0.059223  4 0.239359  6 0.503353  7 0.198064  
35   3 0.079850  4 0.331838  6 0.504994  7 0.083318  
36   3 0.167606  4 0.027971  6 0.803632  7 0.000791  
37   3 0.085229  4 0.389931  6 0.101595  7 0.423245  
38   3 0.075747  4 0.274534  6 0.080181  7 0.569539  
39   3 0.210428  4 0.535918  6 0.038808  7 0.214846  
40   3 0.197384  4 0.583010  6 0.061708  7 0.157898  
41   3 0.040955  4 0.285066  6 0.336706  7 0.337273  
42   3 0.043155  4 0.309488  6 0.275813  7 0.371545  
43   3 0.062685  4 0.469834  6 0.338736  7 0.128746  
44   3 0.068973  4 0.406455  6 0.409859  7 0.114713  
45   3 0.116211  4 0.162753  6 0.078659  7 0.642377  
46   3 0.255978  4 0.332815  6 0.061089  7 0.350118  
47   3 0.219662  4 0.420838  6 0.047821  7 0.311680  
48   3 0.109540  4 0.230803  6 0.070696  7 0.588961  
49   1 0.031831  6 0.874621  7 0.070327  8 0.023221  
50   1 0.020627  6 0.927713  7 0.029461  8 0.022199  
51   1 0.001063  3 0.159320  4 0.002718  6 0.836899  
52   1 0.001005  3 0.159106  4 0.002276  6 0.837614  
53   1 0.000106  3 0.177068  4 0.010091  6 0.812734  
54   1 0.000813  3 0.160543  4 0.002934  6 0.835710  
55   1 0.000871  3 0.160148  4 0.002688  6 0.836292  
56   3 0.114350  4 0.017733  6 0.223435  7 0.644482  
57   3 0.132134  4 0.020332  6 0.282280  7 0.565254  
58   0 0.023864  3 0.033060  6 0.820845  7 0.122230  
59   0 0.027360  3 0.027754  6 0.804418  7 0.140467  
